frame_id,agent_id,x,y,type_id
0,0,7.394155055074762,9.652507060956953,0
1,0,7.5020515354010975,9.665626641098527,0
2,0,7.5916858716794255,9.687609103266164,0
3,0,7.672555031722207,9.707238246199744,0
4,0,7.74856476868089,9.726206757454934,0
5,0,7.830525379149546,9.751526726704899,0
6,0,7.9120911456938625,9.801485264912811,0
7,0,7.985219469510374,9.843680693924988,0
8,0,8.048505946986676,9.870359834126592,0
9,0,8.106101112622522,9.881985980272256,0
10,0,8.159827271981909,9.891257043732415,0
11,0,8.219448204740502,9.888954861224896,0
12,0,8.275613514766466,9.868773534035174,0
13,0,8.34031057140625,9.85311248138024,0
14,0,8.391865494278871,9.83186891505372,0
15,0,8.449391292254973,9.813215628941498,0
16,0,8.511257462539605,9.811767270930032,0
17,0,8.56965499517226,9.821851312404322,0
18,0,8.64150901709655,9.838279378991805,0
19,0,8.706936427514467,9.84747743488711,0
20,0,8.770405637374186,9.862975312865924,0
21,0,8.822090650502643,9.877389329197117,0
22,0,8.874697806712703,9.8859130463106,0
23,0,8.92679409038893,9.884694840995357,0
24,0,8.969855290988876,9.87573742677861,0
25,0,9.019077427490277,9.85517543663943,0
26,0,9.087876530367268,9.814824484911892,0
27,0,9.14982364434389,9.776633728312435,0
28,0,9.215782949265042,9.737155644360216,0
29,0,9.271311291909335,9.704152490932126,0
30,0,9.32761354915649,9.68429636432706,0
31,0,9.372640199846792,9.655221292647626,0
32,0,9.432931102006398,9.645939586358905,0
33,0,9.506676641584129,9.640724921413423,0
34,0,9.581238741592314,9.642814887256348,0
35,0,9.663462200716502,9.647541227103432,0
36,0,9.730342527207013,9.648038788741156,0
37,0,9.792207719145814,9.648870160695894,0
38,0,9.8660679222967,9.630910949931318,0
39,0,9.920096671001332,9.614277679212869,0
40,0,9.981214920756118,9.591578845641116,0
41,0,10.037486598070704,9.548470296091368,0
42,0,10.084335434559321,9.506522671066097,0
43,0,10.132201071151298,9.48042503009852,0
44,0,10.168742830930979,9.46209074066737,0
45,0,10.199460415584952,9.448129158918974,0
46,0,10.222751671121548,9.457243109470873,0
47,0,10.236549452529266,9.469192836709071,0
48,0,10.2625237998643,9.488558759983134,0
49,0,10.283280136025535,9.517672574031648,0
50,0,10.29924833754223,9.557927299880701,0
51,0,10.316487678580875,9.590675904622158,0
52,0,10.327985568056736,9.607797676984347,0
53,0,10.32888530251882,9.624215150266808,0
54,0,10.341086382567736,9.635091589056204,0
55,0,10.3553042179771,9.643491444459412,0
56,0,10.362187050816255,9.64148802562787,0
57,0,10.362946316187454,9.640427493650058,0
58,0,10.377281496442507,9.636075901312307,0
59,0,10.3940229030853,9.616061188346366,0
60,0,10.41258409158461,9.598309653566986,0
61,0,10.420344033607694,9.566389573500315,0
62,0,10.428583368336358,9.533174116378877,0
0,1,7.535118515580836,10.147601680697283,0
1,1,7.630839328169057,10.168860854974142,0
2,1,7.72078353634663,10.18962868298718,0
3,1,7.8170346673474365,10.208874888320345,0
4,1,7.905019587889814,10.229540740198916,0
5,1,7.994081991143489,10.240784646658794,0
6,1,8.089481964887138,10.226115253404146,0
7,1,8.170378179819128,10.212295820203584,0
8,1,8.262559718944988,10.200598036532476,0
9,1,8.34206042152904,10.19657476095482,0
10,1,8.405651630530857,10.200964746643114,0
11,1,8.482457286631895,10.229819041124316,0
12,1,8.553762023713729,10.26475163368952,0
13,1,8.602140443498552,10.310114250882283,0
14,1,8.657826052451446,10.335254930944057,0
15,1,8.702069641625451,10.352127465739702,0
16,1,8.757671732032344,10.354667444148255,0
17,1,8.808804046366836,10.356120612476865,0
18,1,8.854839989285884,10.339984048444034,0
19,1,8.905883051150965,10.326803300998149,0
20,1,8.951589435393615,10.318918522464248,0
21,1,8.995802348238426,10.314164198078359,0
22,1,9.039692505046895,10.327363436679848,0
23,1,9.095343027539737,10.343008589224297,0
24,1,9.161356834234205,10.363635664724653,0
25,1,9.223881611816703,10.378742613009033,0
26,1,9.277428652525037,10.394781169945176,0
27,1,9.319257149684905,10.387539374171334,0
28,1,9.376624359147963,10.380634340034943,0
29,1,9.43268555787903,10.355763430070764,0
30,1,9.483342626790183,10.31839579953501,0
31,1,9.542549308621654,10.275681623939064,0
32,1,9.596449594570931,10.252392799690139,0
33,1,9.651850554382468,10.232847099185763,0
34,1,9.70390541872496,10.217164379807073,0
35,1,9.75572314719347,10.208848214083682,0
36,1,9.813477122828425,10.201859207370283,0
37,1,9.88090580908227,10.191821595949083,0
38,1,9.970977272625255,10.1903839802137,0
39,1,10.052405753109532,10.191196609760594,0
40,1,10.142501186736492,10.186097949726625,0
41,1,10.214601319832145,10.172203173239147,0
42,1,10.287802277750764,10.146944672067047,0
43,1,10.351718557720313,10.106831447295862,0
44,1,10.411311591715071,10.085794743931851,0
45,1,10.455570737730003,10.066328001448673,0
46,1,10.500432132405761,10.055903521166801,0
47,1,10.52887892337929,10.051044328105608,0
48,1,10.550931102285018,10.058482485559066,0
49,1,10.569063570842708,10.082253485701864,0
50,1,10.582220155581183,10.107514183482056,0
51,1,10.589930592148464,10.128790397821652,0
52,1,10.60309916931937,10.155502443209908,0
53,1,10.616670218372626,10.184102630280224,0
54,1,10.62397824356418,10.203051374502529,0
55,1,10.630615072567249,10.21366505643491,0
56,1,10.63709163305136,10.216222233502334,0
57,1,10.64287442224008,10.233767154396649,0
58,1,10.638760790916848,10.23180833344655,0
59,1,10.653555846803771,10.232744128979148,0
60,1,10.654674318304016,10.227870307232767,0
61,1,10.655623157882694,10.232939330344191,0
62,1,10.660920519884062,10.231143817624606,0
0,2,7.14724483350455,11.135171480202468,0
1,2,7.278814057632517,11.156847226015472,0
2,2,7.395252000841419,11.18171200869531,0
3,2,7.5350582472338585,11.230214743438482,0
4,2,7.676086925533997,11.269728999001297,0
5,2,7.793381050003899,11.298696267167777,0
6,2,7.91336290249607,11.331493726234084,0
7,2,8.026787373894576,11.336389525816797,0
8,2,8.1478141130436,11.334047216646788,0
9,2,8.286751736688377,11.31715741715111,0
10,2,8.419347895982884,11.298306017337241,0
11,2,8.55157884498097,11.278403556558743,0
12,2,8.667342962009561,11.276359863961192,0
13,2,8.781222897573038,11.304744134872815,0
14,2,8.902067976936115,11.3342082496536,0
15,2,9.03513358062368,11.371195565637338,0
16,2,9.164550921449793,11.418229269440895,0
17,2,9.288166540075817,11.467066804760362,0
18,2,9.40393620157679,11.500761781883886,0
19,2,9.5209737402171,11.528287063315858,0
20,2,9.646489922377416,11.529880067673218,0
21,2,9.762341062753768,11.515233490911376,0
22,2,9.876048400804727,11.493056342538353,0
23,2,9.994574748461034,11.477156747195348,0
24,2,10.110943103274854,11.47371533052101,0
25,2,10.23614103462282,11.477230482451295,0
26,2,10.362005789723332,11.487687037193139,0
27,2,10.493882993803386,11.51047298173931,0
28,2,10.616894773279096,11.530496930280348,0
29,2,10.757801079852026,11.542787535952014,0
30,2,10.906980812070408,11.549876135745672,0
31,2,11.06482569922588,11.54257117492032,0
32,2,11.223688573722896,11.531783525618467,0
33,2,11.385127245395148,11.519546113278237,0
34,2,11.546483595766057,11.517199408534044,0
35,2,11.695161728908447,11.514787868617615,0
36,2,11.836365128811325,11.521715437258994,0
37,2,11.986330347952405,11.549386155446212,0
38,2,12.1356747075994,11.579171540871766,0
39,2,12.287888605039921,11.610357993084397,0
40,2,12.423592351837682,11.62450056664922,0
41,2,12.560059786737986,11.641683818446047,0
42,2,12.704005589916308,11.642531774486038,0
43,2,12.868247734777514,11.634281560150843,0
44,2,13.02721715427456,11.628588858878402,0
45,2,13.157569346905943,11.621959806465693,0
46,2,13.288502248909301,11.620954046177168,0
47,2,13.420369599688822,11.632620807312007,0
48,2,13.558775339669843,11.644746015600981,0
49,2,13.705839609742895,11.658332879819772,0
50,2,13.839102291510308,11.684169438305549,0
51,2,13.966326181873816,11.688053934343731,0
52,2,14.099341149972592,11.694144307588186,0
53,2,14.248307676979206,11.683886922420792,0
54,2,14.402357832396792,11.65232044601509,0
55,2,14.561111254017261,11.621900943227706,0
56,2,14.698824883681397,11.59764630037177,0
57,2,14.8416235847538,11.589295463524673,0
58,2,14.982559758649069,11.593652782849896,0
59,2,15.125878416933746,11.605809913094605,0
60,2,15.277028804531728,11.618844697783365,0
61,2,15.42851171772019,11.646933885945016,0
62,2,15.571855471526938,11.653813340015965,0
0,3,7.146285700569452,11.664233730907714,0
1,3,7.281631711591643,11.667236419661995,0
2,3,7.4222791405323205,11.671306235406048,0
3,3,7.576010004515768,11.677555234838728,0
4,3,7.708703668144324,11.700813048669053,0
5,3,7.827186739816686,11.716321232087791,0
6,3,7.954188536394754,11.735532001407844,0
7,3,8.097070295716609,11.766486578029882,0
8,3,8.230974508445843,11.795005655407357,0
9,3,8.356126831743339,11.823569261137187,0
10,3,8.479980135642963,11.838268759558598,0
11,3,8.592717556361679,11.845552677193258,0
12,3,8.71418575459692,11.856686929300073,0
13,3,8.841390749540222,11.862796670514976,0
14,3,8.973244740565429,11.867798763281751,0
15,3,9.087197656823834,11.875970446526603,0
16,3,9.207135765213062,11.883794070716434,0
17,3,9.32161974509215,11.896630475312557,0
18,3,9.45019432476868,11.915580616584718,0
19,3,9.57491179032184,11.93658866718086,0
20,3,9.688975068989103,11.964115414439583,0
21,3,9.785322106415995,11.973215649967626,0
22,3,9.892654107534161,11.976253818194158,0
23,3,10.01959145018851,11.974129171795845,0
24,3,10.157005506141818,11.972980229046467,0
25,3,10.280584618649259,11.976091080344785,0
26,3,10.395004988886807,11.98144520652976,0
27,3,10.522764703820759,11.990603061646182,0
28,3,10.651632882908167,12.005760784241444,0
29,3,10.805311250919578,12.037057817378079,0
30,3,10.951993238022723,12.06687836357766,0
31,3,11.0810642699286,12.075847850688945,0
32,3,11.203110179040623,12.086615240312637,0
33,3,11.346962165313089,12.085479836310524,0
34,3,11.500036561853573,12.06906439043142,0
35,3,11.642914440761636,12.055984218965042,0
36,3,11.776673229877817,12.05577003553671,0
37,3,11.912487936127459,12.055629814925016,0
38,3,12.060060670019864,12.066404784038962,0
39,3,12.216786292277451,12.07996138653001,0
40,3,12.36281843643739,12.086321931151183,0
41,3,12.50437488695823,12.087164243966573,0
42,3,12.642170646749143,12.088494919114526,0
43,3,12.782360938041279,12.088731965890304,0
44,3,12.93806431883141,12.083545073435918,0
45,3,13.087698961082708,12.078636973906761,0
46,3,13.236483460216949,12.081813560141457,0
47,3,13.381687953819602,12.080950301514445,0
48,3,13.534318199427117,12.090705048416355,0
49,3,13.690914375466674,12.107993863447627,0
50,3,13.836984198252434,12.11508229052998,0
51,3,13.967492591494405,12.12422127048466,0
52,3,14.09644544454213,12.132413892055759,0
53,3,14.235634568909694,12.13512718978537,0
54,3,14.386950116072462,12.119075555424411,0
55,3,14.545581852156538,12.108147595455922,0
56,3,14.679144081773215,12.101364031209256,0
57,3,14.810711690466814,12.099208807660933,0
58,3,14.955849974243137,12.104322485406033,0
59,3,15.116158403646468,12.1225721491639,0
60,3,15.272579525946131,12.129732151685177,0
61,3,15.411824228975583,12.136803777328113,0
62,3,15.544528097979981,12.13198864769916,0
0,4,7.216720308906813,12.794363750690213,0
1,4,7.32167858957311,12.830022133996836,0
2,4,7.429617490286923,12.866328617597148,0
3,4,7.559049113665093,12.904161947661272,0
4,4,7.694718588308521,12.935366166919522,0
5,4,7.820613536825854,12.967844588840215,0
6,4,7.950745318750444,13.001014993372555,0
7,4,8.084202600407542,13.037482782840533,0
8,4,8.214253892962892,13.074915538018113,0
9,4,8.355661907803958,13.132077295257334,0
10,4,8.508665994715065,13.201251412795179,0
11,4,8.663327193322091,13.276574944931149,0
12,4,8.81916723032361,13.336406519992746,0
13,4,8.97483020913051,13.379810684418437,0
14,4,9.127666246482006,13.42302735902173,0
15,4,9.284389369122335,13.465436476745419,0
16,4,9.426884260728709,13.498664976837349,0
17,4,9.560845507100533,13.541509346437955,0
18,4,9.704348551983303,13.586160974422857,0
19,4,9.841537021739848,13.63177421465535,0
20,4,9.978474521321521,13.669865965720666,0
21,4,10.100778596844327,13.690282286697204,0
22,4,10.21959723181649,13.698515141500552,0
23,4,10.344497941151456,13.699521625505513,0
24,4,10.48402556509581,13.680172816804156,0
25,4,10.625269372397886,13.658795521031632,0
26,4,10.753171355955713,13.645395762695145,0
27,4,10.87753577020049,13.64043832670697,0
28,4,11.016011403341713,13.644543431324456,0
29,4,11.174095936007738,13.649882491345693,0
30,4,11.319424609960164,13.657730157916088,0
31,4,11.4798794973053,13.663338661822081,0
32,4,11.625288751451084,13.66116944480309,0
33,4,11.759922188085968,13.649152934483057,0
34,4,11.90188961340655,13.623011516936923,0
35,4,12.039515190132313,13.583252204557724,0
36,4,12.157303102133168,13.534595852934654,0
37,4,12.282087546172868,13.50301547027962,0
38,4,12.423549587709662,13.472136240838967,0
39,4,12.559143379432252,13.449756770588527,0
40,4,12.708426673509322,13.431625377356895,0
41,4,12.852641492063947,13.408120596544714,0
42,4,12.979532740965263,13.377323482622907,0
43,4,13.120770114995961,13.330009029223646,0
44,4,13.25308995870429,13.279490194555766,0
45,4,13.375882449439555,13.224702861161767,0
46,4,13.515190569794823,13.161637431590119,0
47,4,13.654257102416366,13.119580630620238,0
48,4,13.799722169963372,13.09198618384023,0
49,4,13.948835060302505,13.075728512690722,0
50,4,14.09889615776869,13.081623239529742,0
51,4,14.24173920369499,13.083572624253014,0
52,4,14.389756231178366,13.073121022319087,0
53,4,14.535615195043379,13.048912957917548,0
54,4,14.689852704710592,13.015800689374153,0
55,4,14.831682226123798,12.98625115883993,0
56,4,14.971318729300371,12.949527787836765,0
57,4,15.1086796152795,12.917092360050734,0
58,4,15.246660137832114,12.886723129940657,0
59,4,15.38965301641035,12.872863916565072,0
60,4,15.531813633395744,12.865493953981641,0
61,4,15.676318124132479,12.860607897854074,0
62,4,15.809155230244246,12.827647811124608,0
0,5,16.464367179624126,12.300145867849565,0
1,5,16.610670740573475,12.322264756776864,0
2,5,16.771615902278594,12.33303814503667,0
3,5,16.908917972922183,12.337553507359564,0
4,5,17.025504610647605,12.345883044950526,0
5,5,17.14341693919666,12.361505843472667,0
6,5,17.263928721801644,12.401715320345863,0
7,5,17.393519525752826,12.457133242992567,0
8,5,17.536349263455705,12.502730399713808,0
9,5,17.667835975184442,12.53476141957793,0
10,5,17.80243355732439,12.548113184555065,0
11,5,17.9388603297026,12.557022727162108,0
12,5,18.066928187161935,12.555843556839317,0
13,5,18.194287492790036,12.544832459239437,0
14,5,18.320775970287357,12.541289135953924,0
15,5,18.443297136992175,12.541748953014766,0
16,5,18.56051724531841,12.54332924408157,0
17,5,18.675790133162398,12.561535529452113,0
18,5,18.79739343974031,12.598463133553057,0
19,5,18.93275751053359,12.628222942138798,0
20,5,19.071220183964066,12.643243324776401,0
21,5,19.194958504813158,12.65152824808694,0
22,5,19.32470972189204,12.647546418276791,0
23,5,19.46528924826749,12.640983673261683,0
24,5,19.602055063892028,12.63884419194434,0
25,5,19.73135539866979,12.636786268003856,0
26,5,19.84999260104907,12.641809931261943,0
27,5,19.973029463411056,12.657003759346269,0
28,5,20.084875120298594,12.687915927330499,0
29,5,20.2014196992676,12.739426037727922,0
30,5,20.32294034848656,12.772242955059788,0
31,5,20.449679341390187,12.79578702686748,0
32,5,20.579742438741544,12.804640291123173,0
33,5,20.718207490496223,12.819094758658991,0
34,5,20.85882835546999,12.80501039214711,0
35,5,20.99729235211113,12.800011420262694,0
36,5,21.11578770382302,12.80795934741675,0
37,5,21.23939558418116,12.81662059391088,0
38,5,21.357897422021818,12.836164866914888,0
39,5,21.48371775127771,12.879030993091755,0
40,5,21.606715369111544,12.915105911186968,0
41,5,21.739566678976853,12.948910976697189,0
42,5,21.874308691835232,12.972635934604993,0
43,5,22.001691310429926,12.981763168051417,0
44,5,22.1340796080754,12.986325351862998,0
45,5,22.272644870130502,12.984271238634351,0
46,5,22.41843154510269,12.980561955227655,0
47,5,22.555403474027,12.98773374110072,0
48,5,22.687867814368612,13.011758285607135,0
49,5,22.813821973225576,13.036242679814892,0
50,5,22.94332138678623,13.074258889598736,0
51,5,23.082439576521967,13.108911614663539,0
52,5,23.21920570443428,13.130311564158662,0
53,5,23.352964342612772,13.144931225172618,0
54,5,23.484912907298757,13.147077112197781,0
55,5,23.63077589315918,13.138968083897922,0
56,5,23.770163990487205,13.135127888151276,0
57,5,23.90810340775951,13.13179041509757,0
58,5,24.047153319023547,13.13311357519206,0
59,5,24.165212354027982,13.155556592407217,0
60,5,24.285800111066404,13.199192631343426,0
61,5,24.40745155438354,13.253684047694392,0
62,5,24.53574012146733,13.303098989449534,0
0,6,16.676727074083555,12.829363216974413,0
1,6,16.793801411052325,12.841064721342896,0
2,6,16.916853120614856,12.849878158520804,0
3,6,17.052122266857225,12.866308110880894,0
4,6,17.1961598769224,12.888519773179578,0
5,6,17.32240498422646,12.919369013245209,0
6,6,17.456782754551647,12.934953018427128,0
7,6,17.58674380282132,12.946715599906714,0
8,6,17.726029842270588,12.957391314071266,0
9,6,17.85764022288522,12.95509345188606,0
10,6,18.011470332051523,12.959686415079764,0
11,6,18.148821464216912,12.97793782403216,0
12,6,18.277531138692993,12.991703818547101,0
13,6,18.41068617402099,13.015214260137062,0
14,6,18.542616145610772,13.041376636952737,0
15,6,18.67590998944617,13.07442008569121,0
16,6,18.81243576255801,13.099324686872725,0
17,6,18.946738696990842,13.122969030898004,0
18,6,19.08155787066918,13.136868959974949,0
19,6,19.214298404965852,13.151209251128819,0
20,6,19.35726282222324,13.154138281798197,0
21,6,19.496119926140278,13.157356694459708,0
22,6,19.620385137120678,13.172867189379218,0
23,6,19.745545041040888,13.193349231553901,0
24,6,19.875899392485035,13.226750683752297,0
25,6,20.005518964436536,13.273550966167408,0
26,6,20.14108386107627,13.324406806373728,0
27,6,20.269480907740004,13.355417333563105,0
28,6,20.401066642361894,13.380348830490586,0
29,6,20.531319379313597,13.394503890120074,0
30,6,20.677456202434236,13.395274501877338,0
31,6,20.814650199684532,13.403195685439458,0
32,6,20.948631986278393,13.408546185523841,0
33,6,21.081841365916837,13.425767396966412,0
34,6,21.207493518884885,13.440576747646112,0
35,6,21.333991199015557,13.462983536668292,0
36,6,21.47486446036187,13.494439941855902,0
37,6,21.60648855586273,13.515321361330678,0
38,6,21.738790653014348,13.532755044618916,0
39,6,21.87894193807444,13.538835366272467,0
40,6,22.018841248897868,13.539219752505849,0
41,6,22.159358757867366,13.535921076436084,0
42,6,22.296299154445926,13.541729968416984,0
43,6,22.42674971687377,13.562212132956645,0
44,6,22.546307179467796,13.577922562861874,0
45,6,22.669554551920527,13.599644812209494,0
46,6,22.802650205236034,13.633327243417352,0
47,6,22.94104353526646,13.661459790913778,0
48,6,23.0723107013426,13.673009204902016,0
49,6,23.198664935266507,13.681704884072593,0
50,6,23.328062448934453,13.695085517270684,0
51,6,23.453461329987963,13.684770108256387,0
52,6,23.583903161429774,13.68294378495005,0
53,6,23.704319707280863,13.691127114595623,0
54,6,23.818320236629944,13.702475213016728,0
55,6,23.942070293850215,13.721897554269766,0
56,6,24.078331427834872,13.737712881769905,0
57,6,24.20668541806836,13.758563333925148,0
58,6,24.341488898849697,13.769640965732037,0
59,6,24.47525879381436,13.782865131230768,0
60,6,24.594726430982547,13.794300250613258,0
61,6,24.727290080838568,13.801878630059488,0
62,6,24.86586488114801,13.79657373516902,0
0,7,17.523433042275812,10.111514371331156,0
1,7,17.649401877439185,10.14015324310643,0
2,7,17.78847024626317,10.154373117753678,0
3,7,17.932682726889517,10.174202414067155,0
4,7,18.05670318067332,10.182056675189475,0
5,7,18.179339131963054,10.20277776808727,0
6,7,18.308862341460554,10.212278974473893,0
7,7,18.441636032928916,10.222571175051783,0
8,7,18.57893329672589,10.226357393322305,0
9,7,18.710723141207236,10.227264123121788,0
10,7,18.831503960660893,10.230579335832092,0
11,7,18.95989904788526,10.241717217941336,0
12,7,19.076426623289883,10.25378851681701,0
13,7,19.204755843834903,10.283958789986423,0
14,7,19.33642286616103,10.3053478734965,0
15,7,19.447774956330303,10.330641781398803,0
16,7,19.574402441221924,10.34408593570872,0
17,7,19.699600625159924,10.348047409349084,0
18,7,19.830452423478704,10.339573896822504,0
19,7,19.952561041614953,10.327481813007298,0
20,7,20.076018942416894,10.3329005668096,0
21,7,20.201022694491247,10.336724043915105,0
22,7,20.31643757141,10.343054710862821,0
23,7,20.442114974953014,10.353964843493381,0
24,7,20.574307338028994,10.356047738549668,0
25,7,20.69620452580308,10.362490957923244,0
26,7,20.82464757380144,10.369832452857581,0
27,7,20.94313773143056,10.363716453376659,0
28,7,21.073831226475544,10.341878239763432,0
29,7,21.205074094240302,10.321534817063133,0
30,7,21.329985871567512,10.311321219098984,0
31,7,21.45514771849441,10.302694888238058,0
32,7,21.571806785368793,10.310122424194681,0
33,7,21.692895371265426,10.316895513110564,0
34,7,21.827141427884314,10.32777698074573,0
35,7,21.957037159370817,10.338174029385307,0
36,7,22.077215703347857,10.341906501817627,0
37,7,22.206424131662672,10.346914517176097,0
38,7,22.340967296347202,10.340136493337475,0
39,7,22.4770428284015,10.331523344923424,0
40,7,22.62082619046587,10.324562487021108,0
41,7,22.751084528803204,10.326233955455312,0
42,7,22.874262204705797,10.338026531199958,0
43,7,23.013033127632486,10.365905389396875,0
44,7,23.14484467339025,10.385138332372014,0
45,7,23.27177316615148,10.40479302241718,0
46,7,23.398395167381775,10.412285172255801,0
47,7,23.524421816480615,10.416260324292798,0
48,7,23.66291682881517,10.407244608233439,0
49,7,23.81401148291187,10.398197182801892,0
50,7,23.956731986204694,10.394500312826807,0
51,7,24.08921335980837,10.401497298656466,0
52,7,24.21707808833916,10.410373871889892,0
53,7,24.343190574039145,10.434879548760735,0
54,7,24.464608021603166,10.469447942515979,0
55,7,24.58369925442832,10.508523564053244,0
56,7,24.701524234677123,10.54497862219357,0
57,7,24.815925692208463,10.564543293886382,0
58,7,24.939114391367287,10.573625537830308,0
59,7,25.06820123975809,10.575127900861128,0
0,8,17.311861564782685,10.535637462163496,0
1,8,17.44094330112144,10.55562586367295,0
2,8,17.575878628972443,10.567532562404452,0
3,8,17.725191580185726,10.596225128321137,0
4,8,17.85873181136224,10.61990864636338,0
5,8,17.98529279131072,10.639893963450392,0
6,8,18.103044575910825,10.648502574609065,0
7,8,18.23412679157751,10.643742815013667,0
8,8,18.36966413534661,10.646413413270647,0
9,8,18.48764531005536,10.652933730678704,0
10,8,18.60535425518312,10.661373488496725,0
11,8,18.730797586381783,10.673201446196249,0
12,8,18.84631517714481,10.689686466941732,0
13,8,18.973287855159406,10.717263995961545,0
14,8,19.10651766597309,10.747581015092539,0
15,8,19.230263448345358,10.762681034477762,0
16,8,19.35608884845009,10.773233397538705,0
17,8,19.481842364917497,10.776219342675715,0
18,8,19.606520424765723,10.76758629513681,0
19,8,19.733273153215702,10.766184502928667,0
20,8,19.85701874158862,10.764952594910811,0
21,8,19.983695123261253,10.767200206478014,0
22,8,20.10171391807914,10.771057714551091,0
23,8,20.23422223906942,10.788008952738158,0
24,8,20.373680020429784,10.799849277071866,0
25,8,20.500122171426604,10.811990888244877,0
26,8,20.62989960816218,10.811354628370045,0
27,8,20.745647928098403,10.803689679882801,0
28,8,20.870769929358627,10.788536131972853,0
29,8,21.00531605310624,10.768020353818011,0
30,8,21.129719133203267,10.753249104381412,0
31,8,21.254653299864454,10.750892281960475,0
32,8,21.381180906227332,10.753554552790565,0
33,8,21.503514326991553,10.763491443780213,0
34,8,21.63168373926914,10.765666996171777,0
35,8,21.76356064673152,10.775267426953391,0
36,8,21.883651270643337,10.770873745977658,0
37,8,21.997002861178593,10.771771119271548,0
38,8,22.122785338800696,10.763979762586562,0
39,8,22.25610098935423,10.745705865433164,0
40,8,22.373776851085022,10.732770372424266,0
41,8,22.501660030828898,10.74525279660513,0
42,8,22.615097637876136,10.74934090136873,0
43,8,22.740844402761706,10.760779221158412,0
44,8,22.88029343813314,10.768379998848937,0
45,8,23.029624851929636,10.784754550995586,0
46,8,23.16957987331295,10.799766407010551,0
47,8,23.293620769109673,10.80173916975739,0
48,8,23.423958065660248,10.807291114554657,0
49,8,23.564062237221236,10.802400480470874,0
50,8,23.698254570842273,10.799078865258984,0
51,8,23.824217217597567,10.804590714221964,0
52,8,23.94135778034836,10.805389153050015,0
53,8,24.064585064135354,10.826054765532719,0
54,8,24.204331551637573,10.865730052934925,0
55,8,24.345101944146972,10.907403804401268,0
56,8,24.475925458683854,10.937401671669544,0
57,8,24.58921788676438,10.951013262391692,0
58,8,24.696857746265067,10.961560393924866,0
59,8,24.809729043115464,10.975253648850822,0
60,8,24.932437592783803,10.972663209409518,0
61,8,25.064794687093404,10.988220278801336,0
0,9,19.88828111612489,7.535330160299249,0
1,9,19.84555559432571,7.53738151634145,0
2,9,19.794283344952678,7.54687485353464,0
3,9,19.73641918187315,7.544017522385863,0
4,9,19.698355498228967,7.549492920124862,0
5,9,19.6684688524705,7.554828301005694,0
6,9,19.646056389985986,7.55794591041444,0
7,9,19.625766195338265,7.559355528496257,0
8,9,19.607965484867137,7.557212050103331,0
9,9,19.585176418154795,7.542989334796408,0
10,9,19.566553527927976,7.524589888117563,0
11,9,19.544382118222895,7.50611116178426,0
12,9,19.529470066465237,7.472561327025654,0
13,9,19.505462509864916,7.429008552221927,0
14,9,19.485973298237983,7.400722557148846,0
15,9,19.46998757121484,7.378072258862841,0
16,9,19.46707867462153,7.362992127897002,0
17,9,19.45456494130985,7.354069501711669,0
18,9,19.4473726470556,7.358219352970761,0
19,9,19.44014545027048,7.360126129571456,0
20,9,19.441184870917134,7.353329883561608,0
21,9,19.43420871118685,7.339444672587573,0
22,9,19.42796291586285,7.328448372797053,0
23,9,19.428513550932156,7.323775747868714,0
24,9,19.4136522697466,7.3289786379831865,0
25,9,19.391975331458458,7.342158563635511,0
26,9,19.368730386455834,7.357047863279922,0
27,9,19.343969104353263,7.378137391914401,0
28,9,19.309448129566118,7.398026126189667,0
29,9,19.282320880255536,7.41808273697258,0
30,9,19.256371960881403,7.4314865799078245,0
31,9,19.230364884994486,7.4359792721709885,0
32,9,19.20488446089781,7.436265927651109,0
33,9,19.17741680800362,7.436093279458073,0
34,9,19.14953777102911,7.427158593196196,0
35,9,19.117088150996654,7.410638071954402,0
36,9,19.07790585665816,7.383110623502196,0
37,9,19.03714252382125,7.348659519250665,0
38,9,19.00025853159093,7.310554543967503,0
39,9,18.970684225986094,7.2695399662119815,0
40,9,18.9485357405407,7.236942342254962,0
41,9,18.923703674616487,7.2047779695790455,0
42,9,18.89911423228358,7.187067701760207,0
43,9,18.87391536438223,7.1765596936098195,0
44,9,18.850218715178226,7.174801985992556,0
45,9,18.827950928767663,7.162530208540883,0
46,9,18.789536753335494,7.1650328227510895,0
47,9,18.74587948010798,7.182495961343486,0
48,9,18.703397345735763,7.191091971574954,0
49,9,18.662481966038182,7.198433741168674,0
50,9,18.640505834937866,7.201709801687408,0
51,9,18.6067390162307,7.1933636886872945,0
52,9,18.575397640933538,7.181901805553768,0
53,9,18.548336579913403,7.166003813472009,0
54,9,18.50594749579224,7.1444202796835805,0
55,9,18.46424985243992,7.104372094926776,0
56,9,18.424304563393214,7.047686054658631,0
57,9,18.379196769870063,6.997501677807888,0
58,9,18.328202659502853,6.959944776627633,0
59,9,18.29210099537108,6.93544581479873,0
60,9,18.245723008451066,6.916958827063205,0
61,9,18.18925500674985,6.896624487737361,0
62,9,18.117091776499752,6.895577470605823,0
0,10,20.346640028939373,9.899305267001893,0
1,10,20.4723762110249,9.912928564104027,0
2,10,20.598209520328727,9.917290463301933,0
3,10,20.74207833831041,9.92466569742768,0
4,10,20.87930922690859,9.946636606358448,0
5,10,21.007068232968276,9.971673508927358,0
6,10,21.13289358975149,10.010832916328862,0
7,10,21.257003813718015,10.056721890285555,0
8,10,21.39513582284455,10.107876913248855,0
9,10,21.515623622041254,10.144759659889448,0
10,10,21.641484960127226,10.160038740919518,0
11,10,21.768114666069234,10.174156644811395,0
12,10,21.890911939371062,10.166892628063092,0
13,10,22.027642339074173,10.157939398530715,0
14,10,22.155468697470905,10.154679322337458,0
15,10,22.275496042960434,10.172085090453093,0
16,10,22.405088014190405,10.2040679473759,0
17,10,22.52915265496104,10.244298251757769,0
18,10,22.6625766379957,10.286064721346621,0
19,10,22.791331698592746,10.330364201300938,0
20,10,22.910257994443366,10.347539829812426,0
21,10,23.039974430550732,10.345275579072242,0
22,10,23.176844563357825,10.32794630184649,0
23,10,23.304707903695675,10.311128666165512,0
24,10,23.42927294391866,10.298526529862764,0
25,10,23.553032512360392,10.301547557324477,0
26,10,23.67988916770815,10.327584969632355,0
27,10,23.80512516802024,10.367747881135243,0
28,10,23.94723643519134,10.42021683210423,0
29,10,24.072661084519034,10.486836207215875,0
30,10,24.195376384029213,10.548143403914562,0
31,10,24.293415683971027,10.57799440744868,0
32,10,24.398565564985255,10.596043792285933,0
33,10,24.497777078244397,10.612166925360368,0
34,10,24.600078215796554,10.6145667553381,0
35,10,24.711300182521196,10.6239766511263,0
36,10,24.83689325469373,10.644472452777126,0
37,10,24.951601528829954,10.675540528091313,0
38,10,25.06054457106278,10.715239880209426,0
0,11,20.06415410737325,10.463750421750916,0
1,11,20.201934398527886,10.510994053391466,0
2,11,20.336400006756524,10.538707014144784,0
3,11,20.461917026600496,10.559597653970947,0
4,11,20.598724511230557,10.562480542241111,0
5,11,20.725304889404512,10.563531899329593,0
6,11,20.848043094488595,10.575922710090913,0
7,11,20.963545284807434,10.59807250766773,0
8,11,21.081701578642967,10.634009137201446,0
9,11,21.20304100924026,10.675254107239164,0
10,11,21.330897352945296,10.717226321158929,0
11,11,21.457807484247148,10.752557680731476,0
12,11,21.594490723754966,10.766533301735155,0
13,11,21.725424486104412,10.780802647364977,0
14,11,21.858753587350947,10.787697586496147,0
15,11,21.995250448641045,10.7959338165151,0
16,11,22.126342692266853,10.810520196124504,0
17,11,22.252867940779737,10.84079733465914,0
18,11,22.37995658271848,10.88225188677221,0
19,11,22.496129345277648,10.921608904664419,0
20,11,22.63164141413886,10.951485091125045,0
21,11,22.767316708867988,10.955792763108986,0
22,11,22.89243177708869,10.956654436850913,0
23,11,23.031399296297767,10.952166056809801,0
24,11,23.155831093198838,10.956468259021465,0
25,11,23.27983879573328,10.964408832598238,0
26,11,23.398655722101886,10.997846228824333,0
27,11,23.524925896801317,11.02824513150884,0
28,11,23.654636961861513,11.056297087227883,0
29,11,23.789831410718637,11.066807978946635,0
30,11,23.929416802802017,11.065265185883746,0
31,11,24.039567711235488,11.053003468101027,0
32,11,24.1458743296736,11.031099173979902,0
33,11,24.24383629299912,11.021561588490217,0
34,11,24.331750520048523,11.02088934957806,0
35,11,24.431864541134306,11.018807486017002,0
36,11,24.519915509045745,11.042928809778529,0
37,11,24.621113698094128,11.083909814654417,0
38,11,24.71975041557752,11.116525531928694,0
39,11,24.830563745811453,11.138972640841631,0
40,11,24.941077404356164,11.162082133183858,0
41,11,25.043259605387068,11.169592069993223,0
42,11,25.13640600621412,11.171940359624207,0
0,12,22.781846777524553,10.464144630234069,0
1,12,22.915320422452503,10.469309969384058,0
2,12,23.034893422556365,10.470886090750401,0
3,12,23.156182896828305,10.467287387082239,0
4,12,23.277942887773218,10.476546429583413,0
5,12,23.406619901733915,10.456781716562515,0
6,12,23.54094307714813,10.440219529548504,0
7,12,23.680911402448324,10.430608148969428,0
8,12,23.8135756477662,10.428429275277734,0
9,12,23.92725067561652,10.433095863075613,0
10,12,24.042887522344984,10.452421720805622,0
11,12,24.171544229345475,10.482255990282912,0
12,12,24.297756762141898,10.510913741961296,0
13,12,24.42338128157909,10.523570774516585,0
14,12,24.5364782114403,10.532308536380539,0
15,12,24.64218625118423,10.537339908975301,0
16,12,24.74563934139076,10.544012790969857,0
17,12,24.849147970202957,10.552317970978109,0
18,12,24.95782106846969,10.549267393778853,0
19,12,25.089379773993805,10.534752664306893,0
0,13,22.852369167259113,10.993868203367336,0
1,13,22.970552542784215,10.993573244005978,0
2,13,23.087927133127682,11.002062575188349,0
3,13,23.212917627432077,11.027082708658213,0
4,13,23.351110948941503,11.052420959111155,0
5,13,23.484688795978993,11.074861865290321,0
6,13,23.61274892442683,11.094844095379042,0
7,13,23.7482821619568,11.098633800663837,0
8,13,23.860440269088556,11.096524749246278,0
9,13,23.990078529226164,11.089645160993623,0
10,13,24.115870879091865,11.07075042821928,0
11,13,24.22230293589342,11.043034258082065,0
12,13,24.331973396914233,11.03479866368821,0
13,13,24.42525286240999,11.037022594133065,0
14,13,24.51640474537815,11.0354882918161,0
15,13,24.594243840867875,11.05298246687814,0
16,13,24.695408702131292,11.097601532236414,0
17,13,24.810148107927915,11.142279525484925,0
18,13,24.917236161654866,11.17248173505489,0
19,13,25.030964017957128,11.19669619595988,0
20,13,25.141617498530263,11.201644088271332,0
0,14,24.264223618450387,9.865112527914082,0
1,14,24.357784195758803,9.926098547023445,0
2,14,24.448030152929352,9.986624319602399,0
3,14,24.551865237710643,10.04764578532344,0
4,14,24.663189798542138,10.103710321871738,0
5,14,24.766987700082534,10.147930343807799,0
6,14,24.871975666428447,10.18428091210765,0
7,14,24.9867327345898,10.21882772189675,0
8,14,25.104519282169676,10.262599579046121,0
0,15,23.98133702596696,10.499914203254486,0
1,15,24.115511506642488,10.560540511465339,0
2,15,24.247420495411422,10.617361085518525,0
3,15,24.37151276189414,10.657268511597078,0
4,15,24.4891985308323,10.706120853180625,0
5,15,24.58773176000619,10.754463621112517,0
6,15,24.687296231251118,10.815731701941385,0
7,15,24.787422892502228,10.883037085713948,0
8,15,24.902509428544573,10.955714615279899,0
9,15,25.015485374568467,11.026161188380922,0
10,15,25.11179340895145,11.092328942517666,0
0,16,14.70870503848518,3.8203810403880487,1
1,16,14.732024144951847,4.033245602542133,1
2,16,14.74366209680911,4.236527375081211,1
3,16,14.758668365751182,4.4401225951367485,1
4,16,14.763363886594018,4.628674373873913,1
5,16,14.779679244090703,4.8146278073307585,1
6,16,14.79551892032993,5.019634657171449,1
7,16,14.803952278450334,5.207495311080879,1
8,16,14.809780786994617,5.402798066710267,1
9,16,14.829757217088686,5.595835829222155,1
10,16,14.846475484967634,5.792543981385406,1
11,16,14.860984975561504,5.993617476295557,1
12,16,14.87131607709665,6.213427988990825,1
13,16,14.89259310512108,6.433539534696403,1
14,16,14.908324221317116,6.647135908449914,1
15,16,14.930516217311794,6.88154778706754,1
16,16,14.954322364809451,7.116775003455685,1
17,16,14.980046867980956,7.35191318621456,1
18,16,15.009146772423033,7.590641612424172,1
19,16,15.038669007844405,7.844616069006496,1
20,16,15.075568752447063,8.094030784417487,1
21,16,15.094009586669607,8.342776044296029,1
22,16,15.130454234111294,8.597090299459596,1
23,16,15.159292824011652,8.863638159423921,1
24,16,15.193691090373092,9.118138448648601,1
25,16,15.226919364078162,9.360483685766761,1
26,16,15.25680719000415,9.613753869962277,1
27,16,15.303399524032052,9.874734953196322,1
28,16,15.342224765807245,10.134005729720041,1
29,16,15.370427817871208,10.383518723972772,1
30,16,15.407323194396506,10.637271055140932,1
31,16,15.449961660694443,10.87678240081085,1
32,16,15.48845624913996,11.12462923287119,1
33,16,15.530417705028098,11.367038760989391,1
34,16,15.575889189647734,11.620694035352642,1
35,16,15.610408706961387,11.874192732375207,1
36,16,15.651461991647341,12.13156966016885,1
37,16,15.702136273051158,12.39337908602242,1
38,16,15.746130851679826,12.673931132608937,1
39,16,15.794795361575416,12.944834990325411,1
40,16,15.83438155976825,13.228279144814206,1
41,16,15.88381610272389,13.515138697005456,1
42,16,15.9275470328888,13.808841776227448,1
43,16,15.980359107731342,14.102501236904219,1
44,16,16.032153493840575,14.392911184172304,1
45,16,16.077594643518946,14.69268572241658,1
46,16,16.120042554669144,14.993754034113199,1
47,16,16.173219154234552,15.292238559926805,1
48,16,16.223418700177554,15.587494746153858,1
49,16,16.268932813637104,15.882753199057081,1
50,16,16.31134932197283,16.18166067076117,1
51,16,16.35613983873977,16.46788310774907,1
52,16,16.39580801578673,16.762313217063728,1
53,16,16.43743845971857,17.051255720699316,1
54,16,16.472864898339367,17.326732587783113,1
55,16,16.514503772485998,17.613030800742276,1
56,16,16.561236862746327,17.890216219166913,1
57,16,16.59142529168208,18.16697743487104,1
58,16,16.62565789026702,18.439024235889285,1
59,16,16.663331323811814,18.703489161001396,1
60,16,16.69808162998065,18.96961555060134,1
61,16,16.72988681535686,19.223748186776074,1
62,16,16.75892133721481,19.48433047917362,1
