frame_id,agent_id,x,y,type_id
0,0,5.624730329918535,12.16082582754283,0
1,0,5.739801906871616,12.125227654658623,0
2,0,5.851400711659332,12.093269880134388,0
3,0,5.993489874228506,12.059190874198551,0
4,0,6.136015728932257,12.032803058366659,0
5,0,6.266823294704284,12.007811277598861,0
6,0,6.386430654261798,11.980542849007328,0
7,0,6.491401502774018,11.961595597901175,0
8,0,6.620888187026971,11.947370306354818,0
9,0,6.76324573219738,11.934545837493337,0
10,0,6.897048861395218,11.935251438717454,0
11,0,7.004194432244241,11.928455028042736,0
12,0,7.117288955232445,11.909149277359958,0
13,0,7.231434767372476,11.887871204589437,0
14,0,7.351195102555239,11.85980705294546,0
15,0,7.459145113933416,11.821266305084396,0
16,0,7.5652262856179116,11.794611506705682,0
17,0,7.658881737262399,11.773421535111874,0
18,0,7.741992676281996,11.763967181671733,0
19,0,7.824377919630113,11.753217092012873,0
20,0,7.9162189437841555,11.745132443934878,0
21,0,8.00403213508161,11.75305711494815,0
22,0,8.09223940475391,11.772699032699997,0
23,0,8.164368205304868,11.777894643948185,0
24,0,8.236588175201579,11.779440148696718,0
25,0,8.294155336705156,11.782203765088804,0
26,0,8.368090745151276,11.785149559532996,0
27,0,8.438384974303721,11.779829873174041,0
28,0,8.525412595852865,11.763035045903143,0
29,0,8.614283430206648,11.762321880186425,0
30,0,8.705376175261376,11.758373108901152,0
31,0,8.775203526649811,11.760020693176594,0
32,0,8.862039828517128,11.760771675464829,0
33,0,8.940818305796633,11.755490799395641,0
34,0,9.037907930417482,11.766553247937201,0
35,0,9.137757506368807,11.783279611711848,0
36,0,9.248921838333322,11.798404372374913,0
37,0,9.355416954906278,11.817559952086606,0
38,0,9.445167558613287,11.840837572674786,0
39,0,9.548951478981675,11.860736617386005,0
40,0,9.672117625408745,11.8728974448276,0
41,0,9.801338470213324,11.883058861546544,0
42,0,9.909435568152762,11.895931135841284,0
43,0,10.013849679417792,11.913531781158804,0
44,0,10.12154120112975,11.926080017492186,0
45,0,10.233271377475011,11.938054337073646,0
46,0,10.363027597937453,11.964689398273142,0
47,0,10.48504717594925,11.996336412888901,0
48,0,10.592358251174971,12.024731626821692,0
49,0,10.719110138753875,12.048663958025005,0
50,0,10.854850992644746,12.067742149530286,0
51,0,11.00711017624792,12.093525159887626,0
52,0,11.154961292082055,12.12156659093396,0
53,0,11.28412198040113,12.146782001470756,0
54,0,11.402503417024812,12.182522402935689,0
55,0,11.52697551667605,12.217457766333176,0
56,0,11.666088617094413,12.272805089748209,0
57,0,11.810395989264457,12.341615773517002,0
58,0,11.945621324667965,12.40138061707201,0
59,0,12.06632965051575,12.445613168129253,0
60,0,12.193779784773962,12.496568284291175,0
61,0,12.32839733695365,12.541834615923255,0
62,0,12.460852834218775,12.580416450636479,0
63,0,12.59424018012058,12.627209001098995,0
64,0,12.715987170763952,12.667248153690329,0
65,0,12.83668041905919,12.713359831631957,0
66,0,12.961937895323283,12.759591918944146,0
67,0,13.082812389022935,12.823422292125187,0
68,0,13.221717861639522,12.886961222417758,0
69,0,13.345957156615398,12.935607588119925,0
70,0,13.47807488691033,12.981638472590534,0
71,0,13.610509552973353,13.006529666922338,0
72,0,13.763290287787354,13.04030470883528,0
73,0,13.904925304637754,13.06432599244815,0
74,0,14.039536634887064,13.085692079864332,0
75,0,14.175596449712613,13.12230943284039,0
76,0,14.300163412527777,13.164002209744577,0
77,0,14.446149331267536,13.19954760069435,0
78,0,14.581662856710631,13.252598163348937,0
79,0,14.715335314446603,13.281295212060353,0
80,0,14.860145371376037,13.30637530434653,0
81,0,15.000973290289629,13.322799048272625,0
82,0,15.143015925449133,13.331780018393149,0
0,1,9.660283751836907,11.481825012679824,0
1,1,9.747490859314123,11.468578346774901,0
2,1,9.849881855152276,11.466853208680272,0
3,1,9.967253261270955,11.459973389025258,0
4,1,10.10122603699538,11.458603345700473,0
5,1,10.236588923876896,11.463370318086005,0
6,1,10.341606999768246,11.468657906041793,0
7,1,10.432271474100352,11.464254286700156,0
8,1,10.530450907390435,11.436023766380085,0
9,1,10.61818230630045,11.39651344876108,0
10,1,10.719803295146326,11.356433983012993,0
11,1,10.808859929016519,11.316778520646244,0
12,1,10.894901718511266,11.307217952050527,0
13,1,10.975875456162472,11.308926429132343,0
14,1,11.050929597315614,11.316739692079452,0
15,1,11.114795861148242,11.343340406774002,0
16,1,11.177617146537193,11.381365274501114,0
17,1,11.22211192203576,11.408704277082396,0
18,1,11.258497342184782,11.425644601215236,0
19,1,11.295375261466175,11.438417103314722,0
20,1,11.34034012970675,11.4367385459007,0
21,1,11.382645787968173,11.426300567220522,0
22,1,11.418013660390125,11.403705589635496,0
23,1,11.456103822419989,11.370897036493641,0
24,1,11.48373683219353,11.35609982042388,0
25,1,11.512654737255932,11.349042835187618,0
26,1,11.541209057304298,11.355452565750795,0
27,1,11.571516432788725,11.375947674125795,0
28,1,11.604718674084037,11.40629167056033,0
29,1,11.627012606339779,11.460899826112614,0
30,1,11.651002008523706,11.520318750144732,0
31,1,11.665313464507188,11.586090867983522,0
32,1,11.689673945806497,11.649239008465175,0
33,1,11.713646759280941,11.716998584666236,0
34,1,11.741356792372086,11.77474905676217,0
35,1,11.7783334208351,11.842066736715697,0
36,1,11.83303474383096,11.903422987490579,0
37,1,11.886935865408363,11.966431085322546,0
38,1,11.94940157647888,12.038702233615819,0
39,1,12.005685796189955,12.10741011554764,0
40,1,12.071485623620267,12.193626043968694,0
41,1,12.124964241839264,12.28506689294491,0
42,1,12.17880200071595,12.386122389639164,0
43,1,12.225670194901314,12.494357898312389,0
44,1,12.267293630830999,12.615814177817478,0
45,1,12.324585111218259,12.732247305410164,0
46,1,12.389990223678886,12.838812654965045,0
47,1,12.4710757834914,12.930062221334495,0
48,1,12.557660652921417,13.015507289001068,0
49,1,12.675233747891133,13.094065353607773,0
50,1,12.791797556525456,13.158459622293392,0
51,1,12.881945655382086,13.235342242763853,0
52,1,12.977438423349746,13.327596264873405,0
53,1,13.07439664001071,13.429381857563124,0
54,1,13.167139507203597,13.539808510218863,0
55,1,13.271150272305666,13.658176443193884,0
56,1,13.359396568651725,13.75536411361042,0
57,1,13.465994839654739,13.830594762140931,0
58,1,13.584269546985295,13.900887915488191,0
59,1,13.706711071896734,13.95566251186064,0
60,1,13.839020046333573,13.999426341499762,0
61,1,13.97176478525774,14.0408212566658,0
62,1,14.091741925389448,14.097849620129342,0
63,1,14.217375711070378,14.159511935830116,0
64,1,14.351433918521932,14.230441419505784,0
65,1,14.481409943078596,14.30715438895256,0
66,1,14.597693699208904,14.381130118389661,0
67,1,14.718999168550361,14.430001079845894,0
68,1,14.85939811643067,14.461400942486575,0
69,1,14.99688441290521,14.477666112042748,0
70,1,15.142155011885201,14.485731831923374,0
71,1,15.30336761702098,14.482214945716692,0
72,1,15.441875716099377,14.484395335035975,0
73,1,15.590097631198253,14.502409417285326,0
74,1,15.730574889944913,14.512573457216801,0
75,1,15.87964941206255,14.539393836100476,0
76,1,16.033761984463784,14.571275261505189,0
77,1,16.182760590481266,14.589171378376996,0
78,1,16.323873839471343,14.60597956737941,0
79,1,16.484185021139787,14.604142511457638,0
80,1,16.637368132769318,14.599130289161854,0
81,1,16.794487125280927,14.580878699279502,0
82,1,16.939319425598867,14.57286788294138,0
0,2,8.910158076538398,10.803735349365263,0
1,2,9.09134526639058,10.764096102514706,0
2,2,9.256665566314851,10.710685183097922,0
3,2,9.428740831125973,10.681286870296223,0
4,2,9.613099762639152,10.665858998738795,0
5,2,9.80763211475424,10.657352931867232,0
6,2,10.003559725747442,10.651711430513487,0
7,2,10.181855248705823,10.636549984879315,0
8,2,10.358060493201702,10.633295761731443,0
9,2,10.539305733384694,10.623238881825618,0
10,2,10.720823896375036,10.611209820694171,0
11,2,10.9002583026847,10.596448100462162,0
12,2,11.06887829774115,10.594670601598345,0
13,2,11.235890290891493,10.596779040865055,0
14,2,11.387410628550771,10.613049818737316,0
15,2,11.533392423039725,10.635679013511833,0
16,2,11.66406238362812,10.646569234771453,0
17,2,11.775793226322797,10.664017888963015,0
18,2,11.885873881324654,10.676234502683139,0
19,2,11.99671184039625,10.68585939866761,0
20,2,12.09615606461059,10.691778248559212,0
21,2,12.180192618293765,10.699955444166044,0
22,2,12.243373373487447,10.71711918875506,0
23,2,12.30271081500635,10.72831093575432,0
24,2,12.348415061145166,10.764982829649991,0
25,2,12.399199988217257,10.803052946212903,0
26,2,12.450712387226291,10.84375950963844,0
27,2,12.493791124241216,10.891104624608857,0
28,2,12.525443315547479,10.947278291003604,0
29,2,12.560683292492488,10.992187082873647,0
30,2,12.59940609725708,11.033457949367024,0
31,2,12.640779483270714,11.066582630515022,0
32,2,12.689623717939488,11.093784862759454,0
33,2,12.743417682357508,11.099897126655211,0
34,2,12.808602382523482,11.110427435404143,0
35,2,12.860129738137314,11.117857750505184,0
36,2,12.9196023856492,11.123281803460788,0
37,2,12.971348688654322,11.125790450358224,0
38,2,13.003662922533103,11.140585824540164,0
39,2,13.035957615022857,11.14872583068754,0
40,2,13.076281619880923,11.170067659182587,0
41,2,13.127147838182692,11.203036508510914,0
42,2,13.18031554519837,11.237450652257692,0
43,2,13.219288510970127,11.278471544339178,0
44,2,13.261766457807024,11.320359253098434,0
45,2,13.298890461502785,11.354140181492433,0
46,2,13.324446359324096,11.386162614471724,0
47,2,13.356522931716643,11.413751096733048,0
48,2,13.388391741589306,11.420667658042463,0
49,2,13.445608791201678,11.42541580295086,0
50,2,13.504003160780291,11.426112208852949,0
51,2,13.576210907118854,11.417998292895648,0
52,2,13.637886676246456,11.415544934265636,0
53,2,13.696670433809677,11.426966759696331,0
54,2,13.758691746246658,11.422490927260206,0
55,2,13.814127572457862,11.423952884565834,0
56,2,13.875540553872165,11.439394350106882,0
57,2,13.942697237938154,11.458903231700717,0
58,2,14.028303889450143,11.474929274751064,0
59,2,14.112812346721414,11.510923911515475,0
60,2,14.196867925286343,11.543824466839197,0
61,2,14.279814934305499,11.577857050921976,0
62,2,14.36676666461112,11.59372802334199,0
63,2,14.454940270703933,11.611009302508927,0
64,2,14.540452511917277,11.620218105378603,0
65,2,14.633923247882944,11.625767619856001,0
66,2,14.755185231797986,11.616823828052281,0
67,2,14.886491591710312,11.608921813251065,0
68,2,15.00841013596031,11.603511876713306,0
69,2,15.13809822068044,11.60215701699605,0
70,2,15.264815304325158,11.613793639514348,0
71,2,15.409310966699117,11.63821145375329,0
72,2,15.557289945098974,11.657640238190966,0
73,2,15.68801065436422,11.676916674636587,0
74,2,15.817854246048345,11.707177145958791,0
75,2,15.95973260067552,11.727506440970068,0
76,2,16.117121573634716,11.744438843241939,0
77,2,16.274852078922017,11.739914767494655,0
78,2,16.4318416639264,11.728027558845366,0
79,2,16.573617967879713,11.715278664830416,0
80,2,16.72556551504659,11.697548643052526,0
81,2,16.876114206996462,11.699534794050175,0
82,2,17.049229210260652,11.714469046592772,0
0,3,9.231791848403358,9.767425800843736,0
1,3,9.366819860074889,9.777580511946782,0
2,3,9.491551982699182,9.789882373904865,0
3,3,9.62593620929232,9.803086970982044,0
4,3,9.77053926311272,9.80918119624039,0
5,3,9.93044863737901,9.808047191431111,0
6,3,10.068024014393975,9.798360490005374,0
7,3,10.19082040478631,9.801809748864661,0
8,3,10.316838844331794,9.79706774094245,0
9,3,10.45241736707453,9.805366438534726,0
10,3,10.58680425459996,9.807155755801723,0
11,3,10.719088429172645,9.802881549570431,0
12,3,10.846388787924786,9.792222720962842,0
13,3,10.960827150761006,9.770706219544735,0
14,3,11.089174205466296,9.74786694313047,0
15,3,11.221486352955981,9.704394049730105,0
16,3,11.361326387586498,9.650687182148319,0
17,3,11.49295625843143,9.604609947594685,0
18,3,11.610440609246002,9.551808104838859,0
19,3,11.740826109444102,9.508964921327209,0
20,3,11.871406987713359,9.458937538285397,0
21,3,12.007355902210197,9.407793360097983,0
22,3,12.125551150343426,9.371391663482033,0
23,3,12.234968451534861,9.327298133840863,0
24,3,12.332979222073432,9.279352945566012,0
25,3,12.442908953832472,9.213421934795475,0
26,3,12.543647482250844,9.158350026132412,0
27,3,12.645602643167196,9.097084174822069,0
28,3,12.719546625836449,9.043557828012819,0
29,3,12.801353667484776,9.009381224673099,0
30,3,12.89888779673524,8.97624769360729,0
31,3,12.989035099246076,8.944122851968215,0
32,3,13.07568293643462,8.91944928319261,0
33,3,13.149673098577303,8.903234491749046,0
34,3,13.217950692406909,8.879805851353744,0
35,3,13.287364352491686,8.864319357108783,0
36,3,13.358966193816446,8.847781725209021,0
37,3,13.417959318131006,8.83543281824352,0
38,3,13.46132711451482,8.836702696882924,0
39,3,13.498322742577129,8.83970326175,0
40,3,13.535705701497715,8.854377974063423,0
41,3,13.54890473001961,8.87306267545643,0
42,3,13.570330874790407,8.88447224449004,0
43,3,13.58321703191852,8.903808398659246,0
44,3,13.58975350830054,8.91223037714318,0
45,3,13.59150798821956,8.914091481091933,0
46,3,13.589555995842819,8.911647724165022,0
47,3,13.589327197525828,8.904367255092657,0
48,3,13.592315717971676,8.90961133487332,0
49,3,13.59249338728401,8.901581018855309,0
50,3,13.584105484303198,8.902169419661073,0
51,3,13.588350316741492,8.905222121074834,0
52,3,13.582212096946803,8.901534344990578,0
53,3,13.590706077780776,8.906951972227406,0
54,3,13.588414670239612,8.903532924360507,0
55,3,13.579434091751203,8.903849015231751,0
56,3,13.58182817175956,8.899009598116422,0
57,3,13.581535117638479,8.894532857839609,0
58,3,13.577400846007626,8.890254959809791,0
59,3,13.58454801225918,8.874088352143813,0
60,3,13.595864133028382,8.861894439380123,0
61,3,13.603561276785536,8.86349385452385,0
62,3,13.633223596195032,8.85747478273327,0
63,3,13.661757831001848,8.858222742554988,0
64,3,13.702934003786268,8.856265348967872,0
65,3,13.755228948550625,8.865033136586261,0
66,3,13.818680670400779,8.892660821563434,0
67,3,13.897791836057635,8.92553909059762,0
68,3,13.983958755425698,8.956330389093843,0
69,3,14.063513863265907,8.98019016753321,0
70,3,14.158254166153727,9.000777311005844,0
71,3,14.263508815561542,9.00593682642514,0
72,3,14.385625557329515,9.013299587855954,0
73,3,14.51292866316736,9.011432662502692,0
74,3,14.644451595267032,8.98994683565995,0
75,3,14.768392446476858,8.985537338415863,0
76,3,14.89816254057907,8.976784381048475,0
77,3,15.034496531979634,8.97255238432806,0
78,3,15.17473309736317,8.969400385073774,0
79,3,15.324879426338637,8.975438773190156,0
80,3,15.462524851491345,8.973359944725159,0
81,3,15.589198618567556,8.968259878721051,0
82,3,15.731706336944127,8.963999154126613,0
0,4,7.6607960104454875,6.374647290478375,0
1,4,7.754354900151019,6.382886305845104,0
2,4,7.858315579653087,6.389811068430095,0
3,4,7.954285813471671,6.38060850068425,0
4,4,8.061658867303304,6.353550713572147,0
5,4,8.184369725590507,6.315615587812224,0
6,4,8.304222397889149,6.264315319605407,0
7,4,8.416355345276905,6.225423117041916,0
8,4,8.521034654099592,6.191609614429842,0
9,4,8.623176052663718,6.172518657654752,0
10,4,8.723724352153111,6.144528731589707,0
11,4,8.831559139292608,6.1192079085448,0
12,4,8.930187324318721,6.093430262175662,0
13,4,9.020946719711585,6.063288548003079,0
14,4,9.123548439337378,6.034122552943253,0
15,4,9.213816325643467,5.986020766472162,0
16,4,9.303818395951001,5.938457833795768,0
17,4,9.404283458210845,5.889186319086896,0
18,4,9.513364171093317,5.847189595722055,0
19,4,9.607690521288983,5.80877537000396,0
20,4,9.68692829732438,5.7797515003133375,0
21,4,9.7618425855931,5.760410397589581,0
22,4,9.835366439380385,5.7443650844276855,0
23,4,9.908248485758087,5.733430759061648,0
24,4,9.97701564717227,5.71865159474753,0
25,4,10.039925728024423,5.7013674843394435,0
26,4,10.08440086405086,5.677373691520997,0
27,4,10.133405095949888,5.644049665958092,0
28,4,10.173599580299042,5.595772650388878,0
29,4,10.209379548866771,5.5436901035602935,0
30,4,10.231813136102186,5.501057217620757,0
31,4,10.261922284420939,5.452754454380131,0
32,4,10.272978069529737,5.4243214590932665,0
33,4,10.2698230775691,5.397433295799938,0
34,4,10.255622824794381,5.3817751427154485,0
35,4,10.243181514976271,5.358911325584366,0
36,4,10.23671730572285,5.343947243696234,0
37,4,10.223824112774485,5.335827023058006,0
38,4,10.211366556519783,5.33116530811638,0
39,4,10.207326749569269,5.324798544265228,0
40,4,10.204693119181458,5.318157973946396,0
41,4,10.201709908770356,5.320804552449222,0
42,4,10.196976623557006,5.314005123350132,0
43,4,10.193070282345674,5.310566262179133,0
44,4,10.190620674639092,5.305542543674435,0
45,4,10.187051013515282,5.302680886854333,0
46,4,10.182247067165797,5.291343766064131,0
47,4,10.18519080479817,5.295966388075487,0
48,4,10.200312393599521,5.296539513068336,0
49,4,10.208796932553755,5.291147594461009,0
50,4,10.20526603314919,5.290364442089464,0
51,4,10.19587227144237,5.288336563454218,0
52,4,10.19598026522606,5.28771036979197,0
53,4,10.200564431107153,5.282466545125996,0
54,4,10.204204537681537,5.279131131702303,0
55,4,10.199520186197612,5.280343985530986,0
56,4,10.205932540348819,5.275110272890132,0
57,4,10.199778503597114,5.278003361497819,0
58,4,10.199757894581536,5.276246732515988,0
59,4,10.206656572798897,5.28647099294028,0
60,4,10.200886980599538,5.293830354733856,0
61,4,10.207723033429406,5.30490062084495,0
62,4,10.225177712298507,5.315548815348388,0
63,4,10.23308566921469,5.323019540586544,0
64,4,10.233971330798948,5.333812760108484,0
65,4,10.243905165442118,5.337970022341101,0
66,4,10.243961679490758,5.34493556782891,0
67,4,10.254015119316396,5.346251033745097,0
68,4,10.275225969961264,5.342112829576613,0
69,4,10.297419903058124,5.331891387962248,0
70,4,10.344931514537546,5.323539833848774,0
71,4,10.417667178201896,5.316074854002915,0
72,4,10.500187715451984,5.293413720717183,0
73,4,10.600270366499275,5.2559613771720946,0
74,4,10.706440120694845,5.2075580250461515,0
75,4,10.81627321962148,5.165112875567282,0
76,4,10.921731649997978,5.118698482232933,0
77,4,11.053422138865875,5.088328895987858,0
78,4,11.197070050998287,5.061946502135307,0
79,4,11.35623237436361,5.027628467059239,0
80,4,11.500606126682712,4.974850495855495,0
81,4,11.639332458056181,4.942020649839349,0
82,4,11.782442128351363,4.895463174621672,0
0,5,12.625149092587169,10.374466351369463,0
1,5,12.661561769366905,10.393686167440077,0
2,5,12.69819552315403,10.404830916023283,0
3,5,12.737426202920101,10.403410011243599,0
4,5,12.76438260542247,10.401713579077725,0
5,5,12.79807669976056,10.40852786278542,0
6,5,12.830045070473451,10.407278894438681,0
7,5,12.873406685708835,10.397123971401118,0
8,5,12.900541861080109,10.382459744857144,0
9,5,12.928894492676589,10.365880652416896,0
10,5,12.954297901277608,10.357420767081672,0
11,5,12.963196576605265,10.349306589814182,0
12,5,12.96703226062232,10.349640689094855,0
13,5,12.978072564400096,10.350768388915617,0
14,5,12.987753446142914,10.343705183279528,0
15,5,12.99271468850077,10.34659308729016,0
16,5,13.002089409840021,10.347718935822147,0
17,5,13.014178611718384,10.35089159716245,0
18,5,13.017291055406451,10.355196912242377,0
19,5,13.018950909285033,10.374691779282134,0
20,5,13.027960521045827,10.3819340204841,0
21,5,13.035740505714864,10.388536311095944,0
22,5,13.028346933530576,10.395698596304117,0
23,5,13.030631128861094,10.402864731602557,0
24,5,13.03667173609213,10.402506736655495,0
25,5,13.031739505042598,10.398643544764049,0
26,5,13.02801213558331,10.394357622682186,0
27,5,13.02686157033268,10.390457574829828,0
28,5,13.024330940071293,10.390289130470592,0
29,5,13.021529655607612,10.398084581408769,0
30,5,13.017578792669546,10.40262537036998,0
31,5,13.012091608168207,10.403784370441759,0
32,5,13.003881329180878,10.40361203092134,0
33,5,13.010177380708276,10.406480828254944,0
34,5,13.003411765997692,10.40140245558675,0
35,5,13.006340279888631,10.399317525802036,0
36,5,13.003951032803995,10.399534490844433,0
37,5,13.013720804431607,10.396935957267432,0
38,5,13.018301866826604,10.399957759704952,0
39,5,13.015319861588928,10.396725512098875,0
40,5,13.012295246884573,10.395066213916943,0
41,5,13.013119220869912,10.396814580897443,0
42,5,13.020575462001553,10.396630434095004,0
43,5,13.032412161716563,10.395825383419263,0
44,5,13.056260965906137,10.39705286596083,0
45,5,13.077720533342369,10.414083832765208,0
46,5,13.128808679135227,10.451277033291225,0
47,5,13.176903028276893,10.487798741570392,0
48,5,13.218897436694279,10.522983709248185,0
49,5,13.255084380259829,10.543589670278262,0
50,5,13.27987088183078,10.549504461771987,0
51,5,13.313912722016454,10.560359239946568,0
52,5,13.344223269550993,10.568924220622787,0
53,5,13.385148870531754,10.570433624108999,0
54,5,13.430061692929229,10.565280194748397,0
55,5,13.46957145965572,10.552049081442197,0
56,5,13.522303088400664,10.52708072070017,0
57,5,13.591409608252167,10.504800411020188,0
58,5,13.62677790411803,10.48561480804274,0
59,5,13.659708018491026,10.480109843807732,0
60,5,13.697835831114705,10.473720569273018,0
61,5,13.751237119855475,10.468585604828606,0
62,5,13.805700588081354,10.472319133751594,0
63,5,13.873850262566648,10.49420121331874,0
64,5,13.956822491926662,10.523218688209885,0
65,5,14.037528161470892,10.553982816097351,0
66,5,14.118009944086047,10.58047490577633,0
67,5,14.189186253809357,10.610916905033307,0
68,5,14.24547365763226,10.630441196952292,0
69,5,14.298237942352966,10.650305062071173,0
70,5,14.365011303249789,10.654991514250213,0
71,5,14.43380639606925,10.668612222626871,0
72,5,14.527508205170804,10.682206947173187,0
73,5,14.609739044501545,10.68299693596584,0
74,5,14.696912633140684,10.682764231309518,0
75,5,14.77352482696327,10.69344177832867,0
76,5,14.857992797738497,10.710686525897131,0
77,5,14.950846503050792,10.73257125284811,0
78,5,15.045669790625734,10.77414608309368,0
79,5,15.141414926287016,10.810704812393299,0
80,5,15.231455328011528,10.84943391558142,0
81,5,15.320325572776056,10.880503664033142,0
82,5,15.41211012615978,10.901023337960167,0
0,6,12.945196523448827,10.017789756345028,0
1,6,12.96744357911742,10.036309703388449,0
2,6,12.988215840671135,10.060997486856506,0
3,6,13.016360105288987,10.07821818961288,0
4,6,13.057210489510378,10.082683322657793,0
5,6,13.090913074764112,10.086070967062277,0
6,6,13.11941635017682,10.077504339314793,0
7,6,13.142305697122566,10.057800282587582,0
8,6,13.159511209641051,10.047776691142461,0
9,6,13.168973375076227,10.018904146093345,0
10,6,13.19065061902762,10.008254800426494,0
11,6,13.198447131290552,9.992669682014709,0
12,6,13.20620809185251,9.97919451086354,0
13,6,13.20599081124812,9.964522572345894,0
14,6,13.209970750622233,9.96463566057259,0
15,6,13.213410848021338,9.960792323934605,0
16,6,13.221980100936323,9.967052742045428,0
17,6,13.219870074194942,9.968869406944645,0
18,6,13.214890083119668,9.97586904271997,0
19,6,13.212103180652413,9.98801172690736,0
20,6,13.210771270703459,9.984071654381511,0
21,6,13.209396357291935,9.987831417223385,0
22,6,13.203881081301127,9.995164322679353,0
23,6,13.208986233176772,9.983844999338029,0
24,6,13.200749690732346,9.979399718505086,0
25,6,13.203334616084282,9.977593684881496,0
26,6,13.207634057390587,9.973206141224471,0
27,6,13.200966262360998,9.972125481150533,0
28,6,13.204851350751662,9.97555994481389,0
29,6,13.206011728733769,9.968764120145856,0
30,6,13.19544559969682,9.965629485482546,0
31,6,13.193708157616461,9.969620079975098,0
32,6,13.193948911155848,9.975320439884785,0
33,6,13.192759965984397,9.971560915787975,0
34,6,13.18960122166398,9.972644634312717,0
35,6,13.183440401211044,9.97496092732003,0
36,6,13.190821740266484,9.970929639932134,0
37,6,13.200306830693714,9.969718846012116,0
38,6,13.203437495846476,9.970910759528618,0
39,6,13.202629340053877,9.967197857507045,0
40,6,13.200768144281062,9.96776185849386,0
41,6,13.196391486409045,9.968114199717371,0
42,6,13.192086669889845,9.964430644550266,0
43,6,13.192921425471535,9.965629665974797,0
44,6,13.197559764600157,9.959964474085666,0
45,6,13.208316113284626,9.953445142596266,0
46,6,13.206194979217491,9.955799464615149,0
47,6,13.21333311894235,9.958604381457281,0
48,6,13.217297229488757,9.956817880371888,0
49,6,13.238373722743884,9.948008627261629,0
50,6,13.254696883077546,9.93347844839147,0
51,6,13.279942441941117,9.939048425422765,0
52,6,13.307586307021824,9.947637882183534,0
53,6,13.333187005085144,9.965535267401386,0
54,6,13.37295870641099,9.990813431304773,0
55,6,13.40610505396952,10.020788274363039,0
56,6,13.436757062135356,10.053272286084765,0
57,6,13.468433851732208,10.074698192192894,0
58,6,13.513979561342898,10.097783078111986,0
59,6,13.55893234189535,10.114047154014685,0
60,6,13.607273093879027,10.11362090978857,0
61,6,13.657770326104316,10.110812588367569,0
62,6,13.72329591803917,10.106654886769846,0
63,6,13.79554887430001,10.090351648184942,0
64,6,13.867377281440724,10.080038196666397,0
65,6,13.933919983359845,10.086523082468,0
66,6,13.996091506484387,10.100738967112909,0
67,6,14.052952026825045,10.109184607026267,0
68,6,14.109909713388,10.118004521309429,0
69,6,14.17485564631229,10.142504779886139,0
70,6,14.2531729862328,10.174445262637573,0
71,6,14.322499633450352,10.21080217796948,0
72,6,14.385038159405422,10.25242992898162,0
73,6,14.452723157598662,10.280954736803581,0
74,6,14.516980675033192,10.296059206561804,0
75,6,14.593797471890461,10.309546747293124,0
76,6,14.686747769334962,10.31977279202624,0
77,6,14.785757683338632,10.3122925898839,0
78,6,14.900593290358852,10.308420159033956,0
79,6,14.993471019321316,10.299851909664717,0
80,6,15.08381713481233,10.305235337404051,0
81,6,15.168846373955287,10.3382098814297,0
82,6,15.253912784144074,10.375357308158428,0
0,7,13.48137106341077,9.51734521783358,0
1,7,13.539023573878028,9.530684159477875,0
2,7,13.595921712402076,9.544145615463533,0
3,7,13.643097183396593,9.561775858163164,0
4,7,13.67452340988202,9.569669920552826,0
5,7,13.688441674091314,9.578021007048163,0
6,7,13.705069841213207,9.580001992138515,0
7,7,13.72269769638926,9.583117510131894,0
8,7,13.731402009130644,9.59071269014587,0
9,7,13.726147616161853,9.601735102858077,0
10,7,13.70149140346859,9.603481129858787,0
11,7,13.660938433342128,9.615539291453706,0
12,7,13.618105539523398,9.61515046881783,0
13,7,13.566249083096302,9.623093988779706,0
14,7,13.501246730077469,9.64330804812027,0
15,7,13.456649425553309,9.657232227963174,0
16,7,13.41776677458501,9.65913374394786,0
17,7,13.384809534863436,9.657852643066247,0
18,7,13.365932650296955,9.64847483849049,0
19,7,13.353528621148419,9.641984697149548,0
20,7,13.340329252684395,9.644266695986813,0
21,7,13.341839553923561,9.63535351505748,0
22,7,13.339164979556879,9.630027711644896,0
23,7,13.341104306950509,9.632957930100359,0
24,7,13.341154899660502,9.634105213059737,0
25,7,13.329489026340152,9.621049000580554,0
26,7,13.313434616855776,9.622403575839202,0
27,7,13.304353419665544,9.632069620042307,0
28,7,13.298656372633351,9.636869946977724,0
29,7,13.282812710904366,9.642677110748233,0
30,7,13.274273561819378,9.652468690380601,0
31,7,13.262148897440872,9.651340340428016,0
32,7,13.24854922394164,9.664188722029513,0
33,7,13.241735497105847,9.673065793208732,0
34,7,13.23356335772021,9.672396763772955,0
35,7,13.236252129737466,9.667140937687652,0
36,7,13.233145732929664,9.659386429019014,0
37,7,13.236423066816457,9.648946026554842,0
38,7,13.239450456511628,9.65468207012481,0
39,7,13.241520239973617,9.652096690838949,0
40,7,13.241275721935931,9.648008949889649,0
41,7,13.240895573530821,9.648578404804086,0
42,7,13.246305012563798,9.641980843547781,0
43,7,13.23548448087761,9.637212584642132,0
44,7,13.23329830424184,9.631940725302403,0
45,7,13.23825647306964,9.63675822316411,0
46,7,13.244416948586105,9.628098738915845,0
47,7,13.236809094003897,9.631800207476456,0
48,7,13.2376716988441,9.62953364283795,0
49,7,13.239102466543676,9.631184770193904,0
50,7,13.248813973103253,9.630127623235083,0
51,7,13.25923317982311,9.635594362037523,0
52,7,13.271624292305617,9.651160481398618,0
53,7,13.275441080070246,9.667598777623049,0
54,7,13.2911469580782,9.684592625065305,0
55,7,13.319392925581587,9.695841960276564,0
56,7,13.355768200584397,9.713064200018398,0
57,7,13.4120637412075,9.735820228950846,0
58,7,13.471705561648788,9.746702558246252,0
59,7,13.557115462719707,9.759423407352317,0
60,7,13.635669843708914,9.764674216709897,0
61,7,13.707377659345964,9.767393861365703,0
62,7,13.779522389513785,9.771816750824941,0
63,7,13.844114186663779,9.78086737756042,0
64,7,13.913703108074756,9.780397465464327,0
65,7,13.977133491299817,9.786661927268403,0
66,7,14.022244621121361,9.792680542024229,0
67,7,14.080984765267562,9.813021390769885,0
68,7,14.146466574311603,9.81051776075146,0
69,7,14.205270718807553,9.82058284783131,0
70,7,14.283362816482493,9.827598587710868,0
71,7,14.354474294813272,9.793484991758694,0
72,7,14.420143822153708,9.777057349370558,0
73,7,14.485387472411135,9.773590054302344,0
74,7,14.558932822723584,9.78022716648108,0
75,7,14.643661811452587,9.786782750033321,0
76,7,14.739814710981348,9.803883723563715,0
77,7,14.830773732705337,9.829327490934224,0
78,7,14.912017147706095,9.8470218515225,0
79,7,14.990067155681134,9.863429999261164,0
80,7,15.065454082218952,9.877363633347418,0
81,7,15.14544142458009,9.888543936101742,0
82,7,15.241075402422956,9.891134730265366,0
0,8,15.946215834492099,5.375503679011499,0
1,8,16.056635706346675,5.3562292114470536,0
2,8,16.16639629760506,5.339499037720658,0
3,8,16.290686603933516,5.2992931138485995,0
4,8,16.427350775790043,5.261309763818284,0
5,8,16.563756757640277,5.228091927341238,0
6,8,16.69762779092591,5.200557694800035,0
7,8,16.813274219647916,5.18622037157234,0
8,8,16.94594346767265,5.182255966964117,0
9,8,17.09317549942545,5.177774669754209,0
10,8,17.229623214895472,5.1728629468768235,0
11,8,17.355925498042488,5.149501261580283,0
12,8,17.485947063173587,5.131168270773257,0
13,8,17.614786119057765,5.111539056850947,0
14,8,17.749587294733374,5.0801056956923905,0
15,8,17.88423813971276,5.055546505720028,0
16,8,18.02585873191807,5.032355617572142,0
17,8,18.158235209646698,5.01802630362313,0
18,8,18.297741412332897,5.006304956056778,0
19,8,18.432969087907814,5.000940127183057,0
20,8,18.569678757490113,4.989451244658991,0
21,8,18.68815793956243,4.974666996459037,0
22,8,18.800041022499972,4.959317103061135,0
23,8,18.928729406713575,4.926533017728946,0
24,8,19.06702249344016,4.882142586064815,0
25,8,19.21277025058638,4.840573710082851,0
26,8,19.36423308832059,4.799538162599801,0
27,8,19.523582410021188,4.7617481350347814,0
28,8,19.68982090463613,4.731100233923451,0
29,8,19.836500574901116,4.699898693253286,0
30,8,19.97004047536839,4.666686746335708,0
31,8,20.10247772811404,4.639260662857484,0
32,8,20.236980129663593,4.599942919885542,0
33,8,20.37826254989193,4.565241121326873,0
34,8,20.513820479530022,4.5315144791578,0
35,8,20.657806277874673,4.503090978865539,0
36,8,20.81270817313628,4.498952569887887,0
37,8,20.980564264909354,4.508578531257866,0
38,8,21.12683117174455,4.538914560546134,0
39,8,21.22464838857386,4.530919583181696,0
40,8,21.323356196948296,4.527958060931713,0
41,8,21.431978608653864,4.544466605184463,0
42,8,21.552978351268298,4.581724477334317,0
43,8,21.686517965174716,4.624618071341755,0
44,8,21.817774520779746,4.688564827822945,0
45,8,21.956191450828626,4.772034254904397,0
46,8,22.1048779847752,4.887273136283296,0
47,8,22.259597451710874,5.035290122105236,0
48,8,22.386783227345372,5.177362440209535,0
49,8,22.476643412914953,5.308468488842261,0
50,8,22.538991103010957,5.424166868622008,0
51,8,22.632199825219363,5.46026114291447,0
52,8,22.735855088953286,5.534304523641688,0
53,8,22.857489953850976,5.624605049998069,0
54,8,22.97722678720185,5.746839020585662,0
55,8,23.093171504108707,5.896122691492795,0
56,8,23.21384423304145,6.0766309262178835,0
57,8,23.31410968372198,6.254948499434301,0
58,8,23.416275400150724,6.428187771774901,0
59,8,23.497834001716335,6.563825607332117,0
60,8,23.57058087509256,6.6712656749817425,0
61,8,23.657565067589907,6.778657275321546,0
62,8,23.7493982378628,6.881955584540131,0
63,8,23.857424172036875,6.99912632496307,0
64,8,23.97599355566482,7.124159754420904,0
65,8,24.083339566179756,7.248449684916585,0
66,8,24.19220900659929,7.391954710007208,0
67,8,24.294883793460386,7.555714897369703,0
68,8,24.398591863861014,7.70139751947682,0
69,8,24.480154214750492,7.821777103049187,0
0,9,16.232043857259892,10.482219831020645,0
1,9,16.410240953713082,10.44166402064487,0
2,9,16.586078804204433,10.391618778646576,0
3,9,16.758459949123168,10.37138052120888,0
4,9,16.931703541698056,10.345914214943104,0
5,9,17.110437624720657,10.325831351178827,0
6,9,17.284388352661534,10.316730094748689,0
7,9,17.471911785945547,10.29529399207713,0
8,9,17.643575636767657,10.266606332695847,0
9,9,17.811060735843647,10.224711782751157,0
10,9,17.990343953434774,10.19266463763504,0
11,9,18.168179158541772,10.161340206053644,0
12,9,18.343033043991777,10.136208236434923,0
13,9,18.506395004271592,10.106431151211746,0
14,9,18.677236333388457,10.092656832150405,0
15,9,18.857824180436797,10.097720550277206,0
16,9,19.039051491603534,10.089489892200579,0
17,9,19.212120250648017,10.086811312281851,0
18,9,19.37830968612012,10.078397240507282,0
19,9,19.558759462599713,10.064190556662993,0
20,9,19.737549678851256,10.046644024298502,0
21,9,19.90750501310976,10.018437767284775,0
22,9,20.067539161813265,10.008135282609164,0
23,9,20.22857065398743,9.993029647191355,0
24,9,20.39166844122462,9.990179492468675,0
25,9,20.568902817814653,10.00142609274541,0
26,9,20.742836529609743,10.015071035412937,0
27,9,20.91521314115164,10.018428560784647,0
28,9,21.07539501217943,10.008271096394855,0
29,9,21.245555140778247,10.010601071536696,0
30,9,21.41767143153949,10.00550155060232,0
31,9,21.587892121690576,9.991287445796486,0
32,9,21.75652813833812,9.990620391703184,0
33,9,21.929510120574665,9.990632496185281,0
34,9,22.09720490926632,10.00469122043173,0
35,9,22.25746573455413,10.033488042546582,0
36,9,22.421120902739368,10.062265335543863,0
37,9,22.59660861340366,10.08340563900324,0
38,9,22.76061758161936,10.104537844001769,0
39,9,22.924111174506404,10.113934945481336,0
40,9,23.09180010519949,10.127448318269474,0
41,9,23.269035695989455,10.136484314941136,0
42,9,23.432786573750256,10.153208705717038,0
43,9,23.590985150292965,10.167374902228508,0
44,9,23.744207726376256,10.197668492525832,0
45,9,23.899222890024472,10.22824918264057,0
46,9,24.055898960525763,10.276276873194618,0
47,9,24.208481221137284,10.317024894930466,0
48,9,24.34244688967752,10.35508246328399,0
49,9,24.475093601946938,10.385618628885496,0
0,10,17.62530574403762,11.053774516395938,0
1,10,17.763112616493906,11.032912741165626,0
2,10,17.890562364306817,11.023864564328493,0
3,10,17.992147062402758,11.023247823883825,0
4,10,18.112475757446283,11.036771271375196,0
5,10,18.241778447365903,11.060485571405009,0
6,10,18.374374883538017,11.082016730898177,0
7,10,18.503849452326424,11.097960097372301,0
8,10,18.6211953246908,11.112114426490818,0
9,10,18.741779197866695,11.117059837723783,0
10,10,18.87400561263187,11.117062137878342,0
11,10,19.016250227422123,11.106608517739774,0
12,10,19.144303684236263,11.088218309313003,0
13,10,19.26317120427203,11.082744821608724,0
14,10,19.39288387393028,11.087568224702563,0
15,10,19.510636827152975,11.105459497286366,0
16,10,19.64139446211254,11.143079085709982,0
17,10,19.780835134565592,11.190625395016614,0
18,10,19.909228110111528,11.225372908175542,0
19,10,20.022364835405526,11.25069653785176,0
20,10,20.12595348558142,11.251388756635917,0
21,10,20.243840425995458,11.248144245951558,0
22,10,20.381129167955322,11.234480329559787,0
23,10,20.517903935825313,11.226054575596226,0
24,10,20.636152844584156,11.221029234409688,0
25,10,20.755679676582123,11.224690146874922,0
26,10,20.877015731486388,11.24180922416066,0
27,10,21.001831154573974,11.291804500598783,0
28,10,21.13418316799108,11.351490376519468,0
29,10,21.260303536921292,11.40108184657737,0
30,10,21.385820578120676,11.439325022794733,0
31,10,21.516380066846352,11.478770097620812,0
32,10,21.655904693764665,11.50083400231755,0
33,10,21.783556002355176,11.511330647204892,0
34,10,21.907188353335734,11.524145897056203,0
35,10,22.023537457108763,11.549725272136437,0
36,10,22.14468825928104,11.573885062603145,0
37,10,22.27104740728104,11.613616369682727,0
38,10,22.3944167051183,11.652575494243834,0
39,10,22.523221407053775,11.684772775487485,0
40,10,22.641510441720197,11.706343459499331,0
41,10,22.765338993694378,11.722911221108156,0
42,10,22.90030777609361,11.710573913098093,0
43,10,23.02580791099807,11.699243361248092,0
44,10,23.141573435977342,11.686350260090396,0
45,10,23.24322982788632,11.67948196452255,0
46,10,23.3612265739046,11.683741162300972,0
47,10,23.4841386480565,11.698602114137566,0
48,10,23.596929065748586,11.703737006157162,0
49,10,23.71736332980318,11.706263600278369,0
50,10,23.849566009212012,11.703407635161224,0
51,10,23.96741180305072,11.686577661798696,0
52,10,24.096549140964882,11.662250241518345,0
53,10,24.20835128852282,11.64178047629748,0
54,10,24.31846519841769,11.632325369176334,0
55,10,24.417586890303763,11.633735424580241,0
0,11,17.945850166652978,12.017284582048733,0
1,11,18.067127322873063,12.017600315144584,0
2,11,18.19002302657267,12.016276340576578,0
3,11,18.322723544613556,12.015457961748645,0
4,11,18.452401949422704,12.024609574997958,0
5,11,18.60334501820083,12.043716538123618,0
6,11,18.73225578386053,12.06104964355844,0
7,11,18.861067938398175,12.067469935775119,0
8,11,18.980246515400204,12.077816868904192,0
9,11,19.10364197090391,12.072955319977199,0
10,11,19.24490467062897,12.056722981385244,0
11,11,19.389119220394946,12.054032083597539,0
12,11,19.51992983638356,12.062132934029382,0
13,11,19.661329701807787,12.072869330030562,0
14,11,19.802038951407347,12.091015385640464,0
15,11,19.945900144385476,12.112125065586666,0
16,11,20.08332873665331,12.140877073693252,0
17,11,20.20714467832103,12.164361970331436,0
18,11,20.323166902533426,12.198141807698143,0
19,11,20.452880336347558,12.212911265177734,0
20,11,20.586009899791936,12.211796535813017,0
21,11,20.721295974323912,12.220330028540936,0
22,11,20.85566382412796,12.238348035413821,0
23,11,20.983019936870882,12.25593046439321,0
24,11,21.114754911405203,12.282982657185823,0
25,11,21.236488205367348,12.314254292380236,0
26,11,21.364713840933398,12.350808231486788,0
27,11,21.480548608623145,12.379038470971675,0
28,11,21.59445293943859,12.398492803626933,0
29,11,21.717379506647326,12.40046789288054,0
30,11,21.83341895012589,12.403415284370315,0
31,11,21.96251345417586,12.400159526650333,0
32,11,22.095921529390186,12.39427622101668,0
33,11,22.230338904908848,12.394302066675138,0
34,11,22.359023376259824,12.391805881369852,0
35,11,22.48021298694471,12.396238034475868,0
36,11,22.600010929816747,12.394565401307268,0
37,11,22.723391479705285,12.395030264014371,0
38,11,22.84140832846719,12.38868251634563,0
39,11,22.948090174452766,12.38089816474369,0
40,11,23.06201701156928,12.3691833817839,0
41,11,23.17991151887356,12.340073314122483,0
42,11,23.29030655315809,12.310600881641776,0
43,11,23.405969632325085,12.294547670834145,0
44,11,23.522940954776253,12.283199462316745,0
45,11,23.64134602731408,12.289354395256163,0
46,11,23.74530990314506,12.325523811540823,0
47,11,23.84676426278476,12.353499625738612,0
48,11,23.94408556926088,12.380530698610617,0
49,11,24.041793291707677,12.397166720813546,0
50,11,24.144900849554045,12.414166071635327,0
51,11,24.26239127163004,12.440187162917969,0
52,11,24.38408503216234,12.476783460829504,0
0,12,21.945850149980718,12.231163239421216,0
1,12,22.01786554781086,12.233024562466474,0
2,12,22.103292814152752,12.242352475861008,0
3,12,22.18967664415059,12.239515414056704,0
4,12,22.27422483948835,12.244924746036409,0
5,12,22.359816441527776,12.240577234711576,0
6,12,22.463829710317096,12.243854848251132,0
7,12,22.56045131696944,12.237544869175657,0
8,12,22.646940014201267,12.236538697176524,0
9,12,22.74188625664431,12.23951300408486,0
10,12,22.833971900787244,12.243286602189794,0
11,12,22.931092375594112,12.257177388887571,0
12,12,23.02971729931835,12.266627074294398,0
13,12,23.116723019711905,12.268873983140207,0
14,12,23.207163447617294,12.26545241077492,0
15,12,23.28779875736392,12.254729485523937,0
16,12,23.374831743975044,12.24924447689657,0
17,12,23.4694186241301,12.241136325270084,0
18,12,23.5532114280788,12.226569923626595,0
19,12,23.640610301915853,12.212442502897089,0
20,12,23.734039118121636,12.206046777941163,0
21,12,23.826739936910283,12.211186975046479,0
22,12,23.907707165093164,12.233850947859292,0
23,12,24.000331042774448,12.250057868420905,0
24,12,24.092215173677015,12.255121680691007,0
25,12,24.182452882246338,12.256912488399244,0
26,12,24.269874117217064,12.259659733667421,0
27,12,24.3629164255671,12.262102634422067,0
28,12,24.44633873070629,12.264956803375645,0
0,13,21.90990107979669,11.553805985006838,0
1,13,21.995824521729702,11.563651305468357,0
2,13,22.086724361606027,11.556617794402234,0
3,13,22.17472207041082,11.571781398845529,0
4,13,22.274651692763133,11.569560419201812,0
5,13,22.369849056787967,11.548273364873806,0
6,13,22.45760442374276,11.546020030635802,0
7,13,22.545413917352512,11.540663629081646,0
8,13,22.63565162546136,11.53865143249947,0
9,13,22.733134310725024,11.548593778996095,0
10,13,22.842380727150427,11.5681965941297,0
11,13,22.936549695861036,11.578096600257632,0
12,13,23.032845296427915,11.580124966159483,0
13,13,23.120226332399735,11.585483335768483,0
14,13,23.207009522551104,11.574082460637138,0
15,13,23.296267347456393,11.543283743689074,0
16,13,23.403314899351535,11.50822496752389,0
17,13,23.505574891402475,11.489939915896782,0
18,13,23.582638416801178,11.482517051114161,0
19,13,23.671388694949158,11.48222175111531,0
20,13,23.759671039851018,11.48976361167746,0
21,13,23.866997995646745,11.510786693200222,0
22,13,23.97769211104233,11.532339235935153,0
23,13,24.071452014122485,11.54909158392164,0
24,13,24.159676365450334,11.558510619190614,0
25,13,24.25457961443309,11.560622089211424,0
26,13,24.356162585176445,11.543259381518908,0
27,13,24.46903048196228,11.532548751751673,0
0,14,21.338796520724628,10.94634255553279,0
1,14,21.43868144246196,10.963302778880978,0
2,14,21.527227632245314,10.957090641957164,0
3,14,21.621957473956652,10.957270632546427,0
4,14,21.72447460269779,10.959225667911907,0
5,14,21.822892419850287,10.94987086965207,0
6,14,21.915133672890544,10.943351977694782,0
7,14,22.00680800191922,10.937026415688694,0
8,14,22.108665617020996,10.936355292443507,0
9,14,22.204659050298236,10.951078929859662,0
10,14,22.316414442230805,10.978931298736034,0
11,14,22.41908967619013,11.009432457043614,0
12,14,22.519088520305267,11.010337890529128,0
13,14,22.618109247868617,11.015132372510672,0
14,14,22.715253934585743,11.010870301323948,0
15,14,22.79936155085374,11.01850530844171,0
16,14,22.896926929587913,11.012133148469317,0
17,14,23.002526650024716,11.015509670760583,0
18,14,23.094340150124165,11.026171968707901,0
19,14,23.187688447497756,11.04064004665277,0
20,14,23.279774916590593,11.060929943925393,0
21,14,23.381482004332213,11.08228065315704,0
22,14,23.48175990153575,11.109987729173262,0
23,14,23.577853113961407,11.113448149462473,0
24,14,23.668451965610323,11.115470803703369,0
25,14,23.751097811622973,11.109255297959061,0
26,14,23.825757003529922,11.105271936694436,0
27,14,23.903869712188445,11.082751362164743,0
28,14,23.990257130957364,11.053869481115685,0
29,14,24.072603014472357,11.03851091672444,0
30,14,24.147659841175273,11.02557002381358,0
31,14,24.220189453377653,11.024936197487998,0
32,14,24.294630605754076,11.022757351264874,0
33,14,24.363853596230804,11.036212478451016,0
34,14,24.44266450688659,11.042884774702692,0
0,15,21.446026851161392,10.267179346434474,0
1,15,21.538323729727153,10.276052273883392,0
2,15,21.631473794170947,10.284448204081773,0
3,15,21.730887064536958,10.287902807798352,0
4,15,21.84047219988915,10.262867348239265,0
5,15,21.946159849367294,10.24652407781674,0
6,15,22.05199455053874,10.241048559298289,0
7,15,22.151601432018044,10.244642963671785,0
8,15,22.24941414020311,10.255252892141172,0
9,15,22.350132176724582,10.285918802272215,0
10,15,22.45153217478249,10.337449231690293,0
11,15,22.547817899345596,10.38296404898956,0
12,15,22.640906135350626,10.41572669433086,0
13,15,22.72665912685069,10.43366481371206,0
14,15,22.819555410490306,10.437490368710543,0
15,15,22.929706394866482,10.420809917489477,0
16,15,23.044891797161586,10.391631323878997,0
17,15,23.150210239482398,10.378632838129658,0
18,15,23.256803480144544,10.366891838096898,0
19,15,23.362314604908324,10.379357331603172,0
20,15,23.465386124523526,10.39422795386245,0
21,15,23.571622532145312,10.424874904016214,0
22,15,23.666647005611896,10.461363677984066,0
23,15,23.767484507296494,10.480117396516249,0
24,15,23.86167608281038,10.489955614979745,0
25,15,23.957457842056957,10.496403763910905,0
26,15,24.060645205234454,10.485160312591827,0
27,15,24.170037631796628,10.455321812158001,0
28,15,24.283869082660985,10.427219394799467,0
29,15,24.379408033819047,10.414039376413255,0
30,15,24.467182458331923,10.410695778116029,0
0,16,22.83856940776929,8.874761582712091,0
1,16,22.935469425163795,8.930018628489268,0
2,16,23.038006303851034,9.000574818548445,0
3,16,23.144068173510874,9.076296178724958,0
4,16,23.241982929382914,9.16450969335083,0
5,16,23.34238689661661,9.250393242518948,0
6,16,23.44748308845507,9.32321469837257,0
7,16,23.54475399097788,9.387078482838083,0
8,16,23.637968068668304,9.453494102553138,0
9,16,23.73362395374336,9.517013629803348,0
10,16,23.836498027398115,9.594910702072005,0
11,16,23.94345583297535,9.671102203124665,0
12,16,24.04102475186295,9.737849148112247,0
13,16,24.136475810249337,9.818917063037992,0
14,16,24.2311325359566,9.90960739446528,0
15,16,24.335018265011183,10.000383995968932,0
16,16,24.43780038001743,10.079996896286293,0
17,16,24.53515795744622,10.155587725677135,0
0,17,22.98251827369296,8.517805429826206,0
1,17,23.09596070333201,8.575170589919908,0
2,17,23.18907343500838,8.629765757076136,0
3,17,23.29780824260648,8.6829661449478,0
4,17,23.419735850601494,8.746139954266287,0
5,17,23.547054547327416,8.801098569529474,0
6,17,23.678307139496496,8.843906419439618,0
7,17,23.804374406006875,8.900944821370413,0
8,17,23.924546506665084,8.97815146869888,0
9,17,24.033910372647235,9.062352207551177,0
10,17,24.13523835413899,9.155090442430923,0
11,17,24.222479279106636,9.261445110964926,0
12,17,24.31492663402282,9.371074315324101,0
13,17,24.412222451047526,9.464964055586996,0
14,17,24.494217211816828,9.535782119055318,0
0,18,24.303951773331214,5.552852897540208,0
1,18,24.294911765332113,5.551196020411712,0
2,18,24.28439783374963,5.549103645054601,0
3,18,24.29128286777868,5.5431255935672255,0
4,18,24.286315080623595,5.543264846532467,0
5,18,24.28568829219261,5.5513400544676,0
6,18,24.276776021240487,5.5426398464101885,0
7,18,24.27580244830139,5.548026774753339,0
8,18,24.276865086573288,5.5465335582663595,0
9,18,24.28028507705891,5.539693192104097,0
10,18,24.267176739139718,5.552453063849033,0
11,18,24.26345493096667,5.558076837927752,0
12,18,24.266264190175626,5.556757849859033,0
13,18,24.272100555914626,5.549545702865236,0
14,18,24.275539939970887,5.543063734513814,0
15,18,24.274375633562997,5.544714644325628,0
16,18,24.268483178114668,5.544305151818125,0
17,18,24.2642890594106,5.543457330617803,0
18,18,24.263509464936824,5.542216412913158,0
19,18,24.26399432271523,5.544657237424916,0
20,18,24.268109697325784,5.542769129648463,0
21,18,24.27511980057944,5.542721473852762,0
22,18,24.27175173550921,5.540272140219329,0
23,18,24.28025818109561,5.547245833415968,0
24,18,24.28235886851251,5.5599642661002395,0
25,18,24.281153702206442,5.558601706584219,0
26,18,24.29109249513021,5.566977904537519,0
27,18,24.300621977830918,5.570352432540197,0
28,18,24.306625360872587,5.574340041283164,0
29,18,24.315091774341155,5.578190549903196,0
30,18,24.317193420594638,5.576980599140275,0
31,18,24.325176304099585,5.577982965826666,0
32,18,24.331128377751217,5.5742055742462675,0
33,18,24.32422699401304,5.569453001581006,0
34,18,24.322682737185396,5.565864031995605,0
35,18,24.331913754195483,5.570459136986813,0
36,18,24.338639210089116,5.568395967121236,0
37,18,24.332261562800483,5.568961823444291,0
38,18,24.34157830097567,5.570349907650789,0
39,18,24.338675901160173,5.5653098431295795,0
40,18,24.327246400495746,5.563389056164555,0
41,18,24.32505383983341,5.56303489201586,0
42,18,24.318102432210765,5.562653740894087,0
43,18,24.309923349549862,5.554548413220122,0
44,18,24.30514481089431,5.554888498181471,0
45,18,24.30200300555081,5.558270669233772,0
46,18,24.29338236869654,5.564476659073482,0
47,18,24.297961424922143,5.555757665325906,0
48,18,24.29228139775285,5.552531277278133,0
49,18,24.2925325509061,5.558453501973315,0
50,18,24.290854406567725,5.558038769690236,0
51,18,24.28601837204645,5.552589064308907,0
52,18,24.28893189084203,5.555889028737701,0
53,18,24.28661887382085,5.5600729226620444,0
54,18,24.285085869733795,5.561930802918925,0
55,18,24.27970637134054,5.560965665567234,0
56,18,24.28346049241063,5.556472478278934,0
57,18,24.27956043803024,5.548444165744967,0
58,18,24.278358686874963,5.54844729208277,0
59,18,24.27551203052874,5.551561587970105,0
60,18,24.277745955243862,5.547677277901046,0
61,18,24.267647195740185,5.540767080556844,0
62,18,24.268922994403418,5.550242611323477,0
63,18,24.273362118771146,5.561010115030366,0
64,18,24.27835134717645,5.556923910964774,0
65,18,24.277212321732048,5.554754734397961,0
66,18,24.269080549598513,5.561883605357902,0
67,18,24.258223062490924,5.556209528714935,0
68,18,24.259689515920478,5.556056979382253,0
69,18,24.248899146108457,5.563993018010016,0
70,18,24.24789924237367,5.556659948331712,0
71,18,24.255286003446596,5.556147503355369,0
72,18,24.25594285274513,5.563761919977852,0
73,18,24.254769417715174,5.55642918501422,0
74,18,24.25863137325717,5.558362280029124,0
75,18,24.256490249401452,5.565546526802743,0
76,18,24.256951263540653,5.559559335376835,0
77,18,24.255062639154144,5.560220079215617,0
78,18,24.26684025872739,5.557730071603898,0
79,18,24.27577657229406,5.563437179920295,0
80,18,24.277734096086302,5.560797846395299,0
81,18,24.27940690617677,5.566861729504514,0
82,18,24.28463243921326,5.558970672504653,0
0,19,18.51819393542668,20.231697254233087,0
1,19,18.398116744127613,20.184763062708036,0
2,19,18.277720887872317,20.162186674751826,0
3,19,18.16216974398158,20.131280289019337,0
4,19,18.043977927875858,20.085577110548076,0
5,19,17.92068136997276,20.028492516334946,0
6,19,17.823290164644007,19.986113933727925,0
7,19,17.718529998984906,19.949185413637796,0
8,19,17.619026043198566,19.910672243302006,0
9,19,17.507042700109466,19.893747360961584,0
10,19,17.381498942612282,19.877773889212282,0
11,19,17.252880084814606,19.8657382874975,0
12,19,17.139058865460346,19.85155644752855,0
13,19,17.02838839050477,19.83296876795012,0
14,19,16.891683669539482,19.78878428309723,0
15,19,16.77192958042611,19.74558420448086,0
16,19,16.66221593128146,19.703913114712506,0
17,19,16.555420319448984,19.673476377438103,0
18,19,16.449667204985495,19.65653621427649,0
19,19,16.33840430087879,19.641376299103804,0
20,19,16.216061072424118,19.62269717802793,0
21,19,16.09230893118787,19.608165989987604,0
22,19,15.96733959465075,19.58884547104752,0
23,19,15.851497618058932,19.56241842173809,0
24,19,15.72333984337531,19.520985278407668,0
25,19,15.599577397456144,19.480492752137867,0
26,19,15.476365502996014,19.447469623030262,0
27,19,15.351832153363102,19.41805789051811,0
28,19,15.21927108895885,19.394021087357128,0
29,19,15.092039192440867,19.376567901899953,0
30,19,14.970282269926804,19.366421497473688,0
31,19,14.845903479622173,19.35325198055927,0
32,19,14.734108853041255,19.328873499367663,0
33,19,14.614931861467438,19.309446622882216,0
34,19,14.483522324955471,19.268001526819273,0
35,19,14.358126490005361,19.226738861300344,0
36,19,14.258865690236034,19.18494857150784,0
37,19,14.1567959178418,19.139980854296354,0
38,19,14.037952533353668,19.110366449011796,0
39,19,13.919602967100158,19.08443465812025,0
40,19,13.801038412223699,19.05660014883621,0
41,19,13.675612747058995,19.01607553578131,0
42,19,13.572363990920087,18.967591790027026,0
43,19,13.494128884314573,18.878957290635586,0
44,19,13.427929755958056,18.75764151598254,0
45,19,13.384323569205892,18.646660453542495,0
46,19,13.341493064052665,18.55018388754243,0
47,19,13.288039390837458,18.435403531219855,0
48,19,13.219739594035437,18.324255624273093,0
49,19,13.125776699006991,18.207322360739987,0
50,19,13.045273874582499,18.09088970941154,0
51,19,12.976381309137299,17.97942746223915,0
52,19,12.907285363999815,17.85140508224211,0
53,19,12.841072754055643,17.699021494269218,0
54,19,12.793873656504672,17.55388289924432,0
55,19,12.739141989033365,17.424465618395477,0
56,19,12.683636974827726,17.297951743518862,0
57,19,12.61929292313134,17.176892747761034,0
58,19,12.549093635783104,17.050622389798363,0
59,19,12.479694396151496,16.931813951401157,0
60,19,12.426086425440506,16.806996161108724,0
61,19,12.37658337229247,16.682473027401993,0
62,19,12.332657588833408,16.547210562594845,0
63,19,12.3019065161863,16.408272499184722,0
64,19,12.265290324564933,16.281269045661986,0
65,19,12.223943768650836,16.171813916691868,0
66,19,12.181612050919172,16.05114354129363,0
67,19,12.1280843133342,15.933966133236728,0
68,19,12.070782052631525,15.824786611046989,0
69,19,12.008752585307862,15.71031538322134,0
70,19,11.962507897383501,15.59568243104646,0
71,19,11.916118197219463,15.468309509742266,0
72,19,11.87566236079522,15.334587203380481,0
73,19,11.841553941805213,15.197405270884532,0
74,19,11.817465893771844,15.08068926309167,0
75,19,11.77814050780843,14.967041906795421,0
76,19,11.72937147939198,14.842872254368329,0
77,19,11.6675745600113,14.725103967216615,0
78,19,11.59312712329952,14.604086089628609,0
79,19,11.523815755682621,14.496532354195537,0
80,19,11.464335852239453,14.383921825449656,0
81,19,11.416041182710085,14.265370094433864,0
82,19,11.359424980492506,14.127880650220586,0
14,20,5.3076166683250925,9.166055892769988,0
15,20,5.4204694335726105,9.167142417028277,0
16,20,5.552773867587585,9.167000528413185,0
17,20,5.686339608154665,9.169853685529757,0
18,20,5.813008815506766,9.151743251223493,0
19,20,5.941660468527284,9.138990957047245,0
20,20,6.069317063667464,9.128134857979218,0
21,20,6.189527535112116,9.123933502620543,0
22,20,6.317496328147773,9.134581769113439,0
23,20,6.447094289354459,9.146925626685695,0
24,20,6.56985247256017,9.14883774129742,0
25,20,6.68220815941016,9.149180096418217,0
26,20,6.80313664788298,9.140069116524531,0
27,20,6.941492765667548,9.123463541061726,0
28,20,7.0748998930780305,9.102017231201716,0
29,20,7.19119332492377,9.076887708921555,0
30,20,7.3056947479064505,9.060490437767319,0
31,20,7.410200568777894,9.056281341451447,0
32,20,7.52608963547342,9.064078065668937,0
33,20,7.646691768079669,9.071988442754513,0
34,20,7.774262789230948,9.091250432566744,0
35,20,7.89345759971354,9.105859065183935,0
36,20,7.992723920394155,9.092899080775217,0
37,20,8.112349412410977,9.080036234004675,0
38,20,8.228420186822293,9.055018253328626,0
39,20,8.351847599885536,8.999768953354145,0
40,20,8.467238377918665,8.944211895202775,0
41,20,8.568460513472088,8.916641521774697,0
42,20,8.680513940734013,8.892657655449407,0
43,20,8.785924215400085,8.882580550595074,0
44,20,8.907497456000335,8.891692451539738,0
45,20,9.03396678718508,8.896140730293308,0
46,20,9.164326510110273,8.886893822110437,0
47,20,9.283422154852653,8.881667896010342,0
48,20,9.40034220878527,8.861197358458732,0
49,20,9.52031517283163,8.81795142983933,0
50,20,9.642122759764664,8.766094073243849,0
51,20,9.761421788566116,8.730946059049149,0
52,20,9.882215158213704,8.709927493628356,0
53,20,9.989349165381315,8.700270941454217,0
54,20,10.108842468038077,8.709122127211838,0
55,20,10.236256014349395,8.726768617422445,0
56,20,10.347025378731317,8.75012738596083,0
57,20,10.451279027718456,8.76361923762233,0
58,20,10.568921430168691,8.778926320888372,0
59,20,10.681126069622929,8.804629306503452,0
60,20,10.819204177239328,8.847091008123652,0
61,20,10.938581064109854,8.86181645283067,0
62,20,11.042696486106033,8.87718306888998,0
63,20,11.136886796249646,8.898810771262346,0
64,20,11.225566795897599,8.904477409553733,0
65,20,11.322809257121056,8.919446215493007,0
66,20,11.42002459480516,8.94278337809645,0
67,20,11.533170581262672,8.962310705673966,0
68,20,11.667683171635913,8.969768733719572,0
69,20,11.789438875292596,8.977629218462916,0
70,20,11.912858382924664,8.96869971640326,0
71,20,12.040983991860555,8.947643593809108,0
72,20,12.15867490199499,8.91984190421054,0
73,20,12.280534762276144,8.90313886167768,0
74,20,12.396419669543652,8.905647386131658,0
75,20,12.506504824724884,8.91165964973195,0
76,20,12.627457966950118,8.929235088998146,0
77,20,12.750082101286313,8.940763864819935,0
78,20,12.870616012784977,8.956283281171832,0
79,20,12.99365280916012,8.941443304281268,0
80,20,13.11928074433566,8.9276286704286,0
81,20,13.252931742903218,8.90035407459302,0
82,20,13.381637769983833,8.861335321902274,0
14,21,5.1945808303109136,9.638597251413117,0
15,21,5.303373678968833,9.622240781616608,0
16,21,5.421361546209396,9.615601507006856,0
17,21,5.525484870860573,9.606954865293204,0
18,21,5.648407849262946,9.603446334385465,0
19,21,5.786513932438322,9.594893976228828,0
20,21,5.928537742902983,9.595992284974635,0
21,21,6.058583777498043,9.607971478534553,0
22,21,6.184727334141744,9.608100984445018,0
23,21,6.300319935955442,9.606828773311586,0
24,21,6.419283309496007,9.608058549730645,0
25,21,6.541857902573364,9.604672823460099,0
26,21,6.6744549720139394,9.600490608559916,0
27,21,6.800964567382222,9.597428821058887,0
28,21,6.925055108031008,9.59862356775661,0
29,21,7.0500604053478755,9.600881403272211,0
30,21,7.180111505823357,9.604426230403455,0
31,21,7.3130306831020055,9.61299039721958,0
32,21,7.44110441207052,9.613246995685849,0
33,21,7.557506391356425,9.610940324818024,0
34,21,7.6695959403962215,9.613523119886242,0
35,21,7.785758709686406,9.616915919221826,0
36,21,7.917609003867057,9.602619689963575,0
37,21,8.036560342374866,9.586353318543303,0
38,21,8.142957346802026,9.579979431727935,0
39,21,8.263260223656603,9.575571486039628,0
40,21,8.374698865500884,9.593933670102835,0
41,21,8.49356698856226,9.618410888869725,0
42,21,8.614504526255484,9.639047083837577,0
43,21,8.745364861237386,9.66840029661516,0
44,21,8.864312562229555,9.683090811676974,0
45,21,8.974770869830573,9.68258832534871,0
46,21,9.097016602107114,9.683662549361033,0
47,21,9.200751348469197,9.671913053035478,0
48,21,9.312738436958774,9.65520669231671,0
49,21,9.41961859065428,9.636310128292076,0
50,21,9.527419109983121,9.62093035107381,0
51,21,9.635893473931711,9.60688697322239,0
52,21,9.748524617763398,9.591983709679319,0
53,21,9.865607514686657,9.594821157065574,0
54,21,9.993250663909627,9.582370257564055,0
55,21,10.11136879096,9.556770919973728,0
56,21,10.21188162999372,9.53332952370492,0
57,21,10.321275405095852,9.51434054101046,0
58,21,10.43472240501462,9.47668204271237,0
59,21,10.536256456671842,9.445439000357338,0
60,21,10.647277574244614,9.422392817613384,0
61,21,10.746331968035427,9.405187148343561,0
62,21,10.847999135540624,9.386394761355545,0
63,21,10.946940447640014,9.385354733626597,0
64,21,11.051595372497227,9.386929280590692,0
65,21,11.17726673840739,9.393997874306358,0
66,21,11.308302189924227,9.41616067180987,0
67,21,11.430721496848196,9.42720363630192,0
68,21,11.543381743362342,9.431987137841977,0
69,21,11.654362696038131,9.442099834698386,0
70,21,11.773764916146924,9.451120330333897,0
71,21,11.90006373203877,9.438184325608441,0
72,21,12.022909556405795,9.431965725170476,0
73,21,12.14810296666835,9.434297370757353,0
74,21,12.256371078018212,9.437030552438305,0
75,21,12.37641181392727,9.438648925395428,0
76,21,12.507558442829213,9.455878875888175,0
77,21,12.646760148898325,9.47494189102919,0
78,21,12.770890828333725,9.497269468071986,0
79,21,12.869614901722096,9.502347155626268,0
80,21,12.983545820867171,9.507788466617079,0
81,21,13.11168650509571,9.503109889884115,0
82,21,13.23545110628594,9.483276993601132,0
14,22,5.345707392861664,10.298176388982734,0
15,22,5.476383778767836,10.288798415996608,0
16,22,5.612464427323184,10.284735198824103,0
17,22,5.74208947341475,10.30467377421362,0
18,22,5.853214847456729,10.319621765916795,0
19,22,5.979124934429003,10.331536733564306,0
20,22,6.1096531101309814,10.331731060648945,0
21,22,6.2562658947077585,10.322821788005957,0
22,22,6.3868434739879545,10.30157143287562,0
23,22,6.501211678912894,10.28592458948546,0
24,22,6.614981668267833,10.281431608387226,0
25,22,6.7328859071611795,10.279232320501233,0
26,22,6.866291926748121,10.285168129902173,0
27,22,6.985346284667495,10.286630732623495,0
28,22,7.11287136294711,10.285109227079134,0
29,22,7.231720181918478,10.294803282372028,0
30,22,7.357653629027965,10.29722409553384,0
31,22,7.474951301658074,10.281055062708283,0
32,22,7.60146031436166,10.258401077960476,0
33,22,7.71982295413232,10.244551556806268,0
34,22,7.835715335575209,10.23967849573784,0
35,22,7.952964918855556,10.228781921613436,0
36,22,8.079664195156651,10.228652712975496,0
37,22,8.212488210577392,10.23043650813364,0
38,22,8.343372810174511,10.233920683422715,0
39,22,8.470080999623738,10.23917942603285,0
40,22,8.591953784087645,10.239080330018922,0
41,22,8.709280138277816,10.239839862356275,0
42,22,8.834262178342449,10.220472734186124,0
43,22,8.96893448903676,10.19601597312623,0
44,22,9.082830045177383,10.17753687220762,0
45,22,9.175242513056842,10.1740803529499,0
46,22,9.273992438702283,10.173250000649674,0
47,22,9.387714173654155,10.184475782587858,0
48,22,9.511762348334083,10.19838000704018,0
49,22,9.621732709345304,10.218916053394965,0
50,22,9.722981436586634,10.22406491414067,0
51,22,9.823086324462249,10.22387439493858,0
52,22,9.930692453505829,10.230302497021182,0
53,22,10.043225683240085,10.207776692579337,0
54,22,10.172229986272987,10.183067201049555,0
55,22,10.288697002218647,10.157586217993227,0
56,22,10.387782569935913,10.14526580590212,0
57,22,10.498567978834853,10.145409262448478,0
58,22,10.62024544906667,10.166990883396876,0
59,22,10.742378346416134,10.18266058224929,0
60,22,10.867061981099326,10.189992617894834,0
61,22,10.985656708608762,10.180844952314644,0
62,22,11.095177858859731,10.173447687479355,0
63,22,11.205616389721346,10.15457551393684,0
64,22,11.347746658908049,10.122695371526067,0
65,22,11.474332588772656,10.086314943260783,0
66,22,11.590348335483888,10.066652230089481,0
67,22,11.714142034473914,10.052562471527878,0
68,22,11.835335524330146,10.04943236466468,0
69,22,11.96525285318251,10.057479437437388,0
70,22,12.087632134231871,10.068213443638033,0
71,22,12.203580234394083,10.074032232290598,0
72,22,12.32349348733793,10.076692050541592,0
73,22,12.446011706929026,10.07110965120966,0
74,22,12.563261557053565,10.061262342133363,0
75,22,12.691874771563796,10.039595607313503,0
76,22,12.812236252395165,10.022622797765516,0
77,22,12.92493091904143,10.007113917723403,0
78,22,13.04357521146199,10.01259402707737,0
79,22,13.17857029446324,10.038518329116414,0
80,22,13.312278411306197,10.05866715043739,0
81,22,13.436811514140578,10.084534339870507,0
82,22,13.556312361861135,10.094411074816406,0
41,23,5.5794933265254,8.697943625219688,0
42,23,5.707372384887914,8.684231687576297,0
43,23,5.823219875230444,8.677621336062087,0
44,23,5.942500911733727,8.663141831136675,0
45,23,6.071014112040291,8.64418014886483,0
46,23,6.202876131510592,8.626012231368458,0
47,23,6.343145471493793,8.602872224498341,0
48,23,6.459681936796737,8.595392957896626,0
49,23,6.581268991082461,8.583237163504597,0
50,23,6.718330189249705,8.58402606247264,0
51,23,6.854322064309859,8.596004615363695,0
52,23,6.992444012578765,8.607914644387453,0
53,23,7.122556347923214,8.633510645417983,0
54,23,7.237896789684569,8.646693854477242,0
55,23,7.359745438386684,8.664066321454001,0
56,23,7.498780210606674,8.683881948294097,0
57,23,7.6411893708927465,8.691551373206037,0
58,23,7.776237791346163,8.710400340907931,0
59,23,7.901013142945053,8.736384592322901,0
60,23,8.041021008599666,8.748195367739976,0
61,23,8.175359164426107,8.768528981830583,0
62,23,8.309044014473105,8.796287483287259,0
63,23,8.441149194589652,8.835629575987701,0
64,23,8.55892841157837,8.858417703895608,0
65,23,8.678207105511047,8.870525660249095,0
66,23,8.79370195619455,8.883702948152601,0
67,23,8.925158107992477,8.904598707942775,0
68,23,9.064980315566725,8.925745732678058,0
69,23,9.188112276522192,8.940650048394428,0
70,23,9.316669947668085,8.945931737818494,0
71,23,9.43759754257705,8.955859766826709,0
72,23,9.56561385834243,8.967169576747208,0
73,23,9.699162529872849,8.990033787990368,0
74,23,9.825241878117168,9.004648558810935,0
75,23,9.924113125181547,9.022099794867303,0
76,23,10.029122209186676,9.043715258390211,0
77,23,10.139511543234178,9.050749005532365,0
78,23,10.261541005927624,9.065592656488187,0
79,23,10.38444195499537,9.083758801722448,0
80,23,10.495756579187983,9.11121897182058,0
81,23,10.601827762533295,9.137177233505891,0
82,23,10.706308113163656,9.166445068333132,0
0,24,9.856582279579806,17.749825611063773,1
1,24,10.04715291824841,17.717893808872173,1
2,24,10.210510968112043,17.673715496999044,1
3,24,10.381190171249028,17.629468020819907,1
4,24,10.535935714441667,17.5847315895292,1
5,24,10.690204601282874,17.53334413596219,1
6,24,10.83087703711693,17.48991653510155,1
7,24,10.955955394796222,17.44168249196861,1
8,24,11.064084655588328,17.40246799676998,1
9,24,11.192621338287495,17.35662655627352,1
10,24,11.312237649802054,17.318277199436473,1
11,24,11.42248807933496,17.263409876135178,1
12,24,11.53472753248214,17.2196646969451,1
13,24,11.656140390435484,17.174289679956793,1
14,24,11.775132192683131,17.11585520833012,1
15,24,11.878902312934825,17.051787672676834,1
16,24,11.993482298547656,16.986186735766548,1
17,24,12.112316420459466,16.930213652883502,1
18,24,12.227445360593572,16.867959369496283,1
19,24,12.342812803417514,16.80603191430028,1
20,24,12.46884064326441,16.731246909245158,1
21,24,12.578633317650388,16.659130152196955,1
22,24,12.691129361702153,16.583191075248497,1
23,24,12.818287091415643,16.488527374820762,1
24,24,12.946349604283979,16.394375481183562,1
25,24,13.075762482470454,16.299760261549377,1
26,24,13.214552452753013,16.185959259054105,1
27,24,13.345965485277182,16.071594652716627,1
28,24,13.486972607498977,15.949757455080055,1
29,24,13.620901781838715,15.834429826068947,1
30,24,13.761603860385563,15.721227724208838,1
31,24,13.893176484600964,15.595975952753623,1
32,24,14.018256140380066,15.47184665048702,1
33,24,14.13891487157531,15.332451485386397,1
34,24,14.26245171827747,15.199608640365236,1
35,24,14.393565589712107,15.061926733155296,1
36,24,14.515724862136251,14.911290664710055,1
37,24,14.640978496167255,14.760458101553326,1
38,24,14.753304146634534,14.602596294217836,1
39,24,14.872942143250269,14.441652361516642,1
40,24,14.995971952259886,14.26730107485374,1
41,24,15.114014522711777,14.082848436393597,1
42,24,15.225356095751247,13.902517611080881,1
43,24,15.343530217193248,13.713357184120845,1
44,24,15.427264500856195,13.555587241237465,1
45,24,15.527349643834086,13.366842170941604,1
46,24,15.621888968461407,13.167202234881998,1
47,24,15.717794549478297,12.936849240202452,1
48,24,15.820226132873744,12.710039604446436,1
49,24,15.912190866336744,12.466056959497955,1
50,24,15.995055607220841,12.225826118527593,1
51,24,16.080761939262974,11.971936744257807,1
52,24,16.146444852940668,11.751372702932063,1
53,24,16.208346220006582,11.497172623446621,1
54,24,16.270138422263997,11.223803738212851,1
55,24,16.3279644755142,10.946712537781766,1
56,24,16.34241139098006,10.724467442813001,1
57,24,16.35737585752487,10.56099024280382,1
58,24,16.363486911107785,10.372155635131074,1
59,24,16.398298040165255,10.103883982458614,1
60,24,16.436795828459797,9.816462897679957,1
61,24,16.47143193442886,9.49885903943921,1
62,24,16.49505127396152,9.188167290352562,1
63,24,16.514035871061566,8.879683962677763,1
64,24,16.52359443514527,8.567141965128064,1
65,24,16.529553361188697,8.250075481290827,1
66,24,16.53422404150192,7.9243972467463335,1
67,24,16.521251929589887,7.600550445789939,1
68,24,16.51786388112581,7.267666502466221,1
69,24,16.502631188334547,6.929352931533096,1
70,24,16.476956893693725,6.591153925422582,1
71,24,16.463938212104527,6.243561199848135,1
72,24,16.43944317376242,5.901671481195369,1
73,24,16.364786058678252,5.556637517021919,1
74,24,16.311715952986667,5.203426012021301,1
75,24,16.269947416253498,4.850050271229049,1
76,24,16.23911013454107,4.50142191812573,1
77,24,16.193398803085422,4.133096805520684,1
78,24,16.125946057654556,3.790070594326747,1
79,24,16.098860176766387,3.4953192882922095,1
80,24,16.0715805160211,3.2210622679191245,1
81,24,15.980581905996063,2.9243199004196305,1
82,24,15.94088251481692,2.639893339158449,1
