frame_id,agent_id,x,y,type_id
0,0,4.649521677117599,10.544166966488486,0
1,0,4.800999069063127,10.532409099814826,0
2,0,4.948369369442589,10.521186951779557,0
3,0,5.074446086728696,10.522926313267607,0
4,0,5.206686097825334,10.521333341937575,0
5,0,5.353229525380987,10.525698848773603,0
6,0,5.498461734728153,10.528737682774597,0
7,0,5.6228721524601015,10.529513967124407,0
8,0,5.742433998831447,10.536504218175805,0
9,0,5.868354598483325,10.54263905694063,0
10,0,6.01559380865795,10.536468420394693,0
11,0,6.161615456152633,10.500966354426199,0
12,0,6.290367018361261,10.483407674428475,0
13,0,6.413538264837456,10.464712693611267,0
14,0,6.53939288455119,10.4537459857304,0
15,0,6.6736137326320595,10.450437287668993,0
16,0,6.816765250548122,10.451153627212719,0
17,0,6.948557385366419,10.465843361382918,0
18,0,7.059793876997629,10.475544526239487,0
19,0,7.174055847998193,10.479912769376437,0
20,0,7.29156564106454,10.471672723943742,0
21,0,7.427340572747167,10.460105876634636,0
22,0,7.547221614129503,10.438455796815852,0
23,0,7.666026536224049,10.424062327571473,0
24,0,7.777037398576365,10.414642023242887,0
25,0,7.891073102893337,10.41828238250536,0
26,0,8.019857944258517,10.431386943027157,0
27,0,8.139439987730547,10.45041388262207,0
28,0,8.256490756125615,10.468599371450651,0
29,0,8.355511324274206,10.487676675579392,0
30,0,8.458846003985856,10.494094767486636,0
31,0,8.57383895963606,10.488270854643813,0
32,0,8.690809042054788,10.47446991891042,0
33,0,8.794834926156092,10.462787905928232,0
34,0,8.89422134508086,10.46238546222252,0
35,0,9.009347446489189,10.474126318164727,0
36,0,9.13370979811705,10.501940206547717,0
37,0,9.269764487431956,10.557345227652862,0
38,0,9.377257051700552,10.598953511681612,0
39,0,9.48401277468162,10.635379999318731,0
40,0,9.589763415214433,10.663758475266636,0
41,0,9.701061253582647,10.681976634134838,0
42,0,9.821655219901542,10.697110319868795,0
43,0,9.930509148686799,10.703377319810052,0
44,0,10.036983147135153,10.716025136402203,0
45,0,10.136101246045396,10.726415979962287,0
46,0,10.24805848941719,10.777278168019945,0
47,0,10.362337961924727,10.834310117032063,0
48,0,10.461211206029935,10.912348213446103,0
49,0,10.549532823453195,10.988988205614293,0
50,0,10.640439375703611,11.05459677704459,0
51,0,10.729960431413593,11.108431987276383,0
52,0,10.842509193420856,11.154371362854464,0
53,0,10.952079259109244,11.195889531226724,0
54,0,11.052065853985981,11.235496479105137,0
55,0,11.145682500125558,11.281403807697465,0
56,0,11.247294534247077,11.35013832859855,0
57,0,11.33809921753612,11.441179814315419,0
58,0,11.427245387027355,11.54811188736215,0
59,0,11.507395011591372,11.649013638701375,0
60,0,11.583211788385235,11.756898229222678,0
61,0,11.667484561295847,11.86175888477146,0
62,0,11.758563999002346,11.955429396323433,0
63,0,11.858908443306461,12.063328436201456,0
64,0,11.955242842130454,12.160700302199157,0
65,0,12.041694537797591,12.244644777552683,0
66,0,12.133086708602015,12.335457103399847,0
67,0,12.214205701902314,12.455408146134259,0
68,0,12.293416543311166,12.577985934496303,0
69,0,12.362079117080693,12.68792959881963,0
70,0,12.438808891398768,12.791252293741838,0
71,0,12.52153436773176,12.894298686147378,0
72,0,12.629902367395006,12.98242608817339,0
73,0,12.743646720505174,13.068221575418228,0
74,0,12.85768987436957,13.146679056109917,0
75,0,12.968481437096509,13.20243595060907,0
76,0,13.079146927418535,13.259950148986732,0
77,0,13.209508848900176,13.331952669412736,0
78,0,13.33677524685526,13.409847839009993,0
79,0,13.452357816318822,13.48822369921572,0
80,0,13.573304654350798,13.558453037908029,0
81,0,13.699650439197892,13.62388930057365,0
82,0,13.839247576713378,13.673613052886873,0
83,0,13.993847855270209,13.71021455572416,0
84,0,14.133822293889468,13.73566311559566,0
85,0,14.263576542612991,13.753403455283522,0
86,0,14.401924517270496,13.779328719011632,0
87,0,14.556952925750624,13.816371326189609,0
88,0,14.700330979453067,13.881066671693048,0
89,0,14.828350395559326,13.927337431637158,0
90,0,14.962117376327257,13.972982600455659,0
91,0,15.093155539030356,14.014556926997107,0
92,0,15.248527336465168,14.050520786084943,0
93,0,15.404386076476046,14.065177460135585,0
94,0,15.544206627274905,14.070214134464411,0
95,0,15.680860470340575,14.070262963394239,0
96,0,15.815993832731415,14.074164535691654,0
97,0,15.965432450645912,14.106696918393924,0
98,0,16.113927475154817,14.141520099092554,0
99,0,16.249254718769674,14.174294956247639,0
0,1,10.929932711417218,11.491840563322368,0
1,1,11.029306175810207,11.500941291043555,0
2,1,11.147461327031037,11.503678310147825,0
3,1,11.274634749671188,11.531419916251473,0
4,1,11.416989501052244,11.524326675441278,0
5,1,11.548702365363399,11.531575681562208,0
6,1,11.66854041618586,11.543740072690534,0
7,1,11.791743112060017,11.544626371182916,0
8,1,11.903178522309783,11.535723140863357,0
9,1,12.03464651612539,11.511418759256198,0
10,1,12.168347983176405,11.473374386284117,0
11,1,12.28069205860525,11.436830638578774,0
12,1,12.397005924764988,11.417483884916686,0
13,1,12.503644927206045,11.401442883508505,0
14,1,12.632323342847007,11.387919995105765,0
15,1,12.760501103913413,11.374835695959773,0
16,1,12.892196375972642,11.350945911004105,0
17,1,13.029774382684886,11.338176049113555,0
18,1,13.167515675229456,11.321610027155396,0
19,1,13.299513036834911,11.273236010798113,0
20,1,13.423402630387242,11.188215525814721,0
21,1,13.535918950434263,11.14150932296045,0
22,1,13.647521888265091,11.111972114823335,0
23,1,13.749005650049144,11.087096031104428,0
24,1,13.86318933458123,11.069534403101084,0
25,1,13.99392701160576,11.066682721342303,0
26,1,14.119044452027282,11.063261351767895,0
27,1,14.240029650821832,11.063161888156115,0
28,1,14.359702058934168,11.052576006291362,0
29,1,14.489652415965566,11.040894347336602,0
30,1,14.620111745734794,11.040230509000772,0
31,1,14.752517083554496,11.017724195970981,0
32,1,14.876781529806847,11.011074168929735,0
33,1,14.999541108634812,11.01246720485237,0
34,1,15.119075193639938,11.017953161922648,0
35,1,15.245235183144613,11.041198403745277,0
36,1,15.372537184837899,11.080646089691344,0
37,1,15.497591158036792,11.11583174990912,0
38,1,15.612694731229883,11.138684979252533,0
39,1,15.744597547875372,11.158855163005443,0
40,1,15.871952976528178,11.18774792057553,0
41,1,16.00631156232896,11.20125696050207,0
42,1,16.133459787179426,11.194326205090164,0
43,1,16.265744409343736,11.17954141519655,0
44,1,16.380640026645096,11.182215070985341,0
45,1,16.504957342613718,11.198277078592643,0
46,1,16.63597353426106,11.230048251497736,0
47,1,16.76736339524417,11.257261697577169,0
48,1,16.895275411548322,11.284395021301789,0
49,1,17.02023241009033,11.306158007938286,0
50,1,17.155645732797286,11.31739344467912,0
51,1,17.29663055233493,11.322489775929343,0
52,1,17.427296880704755,11.315597498632782,0
53,1,17.557659898296794,11.303708334996124,0
54,1,17.665623853532324,11.299479866021736,0
55,1,17.778381380901862,11.302896791046198,0
56,1,17.899148401053463,11.313094033811495,0
57,1,18.03116611994487,11.327125690586373,0
58,1,18.16046349302134,11.340773571818657,0
59,1,18.29019022890999,11.341166371558034,0
60,1,18.41020028589627,11.35511875305191,0
61,1,18.525253192696876,11.364262072522287,0
62,1,18.639860001073504,11.365616356577833,0
63,1,18.766912408290096,11.347085282885562,0
64,1,18.89017590218117,11.336821622242196,0
65,1,19.003177213454883,11.326671003642444,0
66,1,19.117253187178296,11.33760996430609,0
67,1,19.228436398368984,11.349551553803053,0
68,1,19.338039700513807,11.367603226828958,0
69,1,19.458851652114003,11.388303125320684,0
70,1,19.57792059945591,11.40281128960312,0
71,1,19.69432544052793,11.41981526313433,0
72,1,19.81688039391929,11.419135307592667,0
73,1,19.938850021902738,11.412812993582365,0
74,1,20.06980760905641,11.400616948876138,0
75,1,20.183407508096764,11.405858063707457,0
76,1,20.298453302407584,11.42162123345975,0
77,1,20.411337829765312,11.437936661157757,0
78,1,20.519170850530205,11.459690615462138,0
79,1,20.63782601952005,11.496009657416735,0
80,1,20.755431734956083,11.527732427493163,0
81,1,20.880198496561118,11.55398251451427,0
82,1,20.999504825896892,11.566218199581579,0
83,1,21.12527868081944,11.556367024898718,0
84,1,21.249097394603876,11.544583449402786,0
85,1,21.368464500217836,11.51401592472056,0
86,1,21.4877849095867,11.504623939045246,0
87,1,21.601868657942696,11.499047912634278,0
88,1,21.717577792584265,11.508759047455756,0
89,1,21.837747989946596,11.524069601275263,0
90,1,21.96280997655245,11.550985068208194,0
91,1,22.073005572614967,11.562337001020829,0
92,1,22.188063650791204,11.558196728147745,0
93,1,22.313085520398758,11.551238090916549,0
94,1,22.430529252299543,11.520619283635318,0
95,1,22.548303401402684,11.479685110991946,0
96,1,22.65388440208149,11.433245922951869,0
97,1,22.750880641251264,11.403110920563291,0
98,1,22.850395371034875,11.383914516390869,0
0,2,13.59674072265625,10.08806730571546,0
1,2,13.697554893492454,10.100644465298144,0
2,2,13.800391597621257,10.11379022738911,0
3,2,13.91348972547764,10.128257497270763,0
4,2,14.027785874322939,10.140813173744418,0
5,2,14.155920399091132,10.146356838564454,0
6,2,14.270065025825104,10.154116412157416,0
7,2,14.370222813739971,10.171333176511965,0
8,2,14.480397862656062,10.186150226189238,0
9,2,14.593630196232724,10.224139155863408,0
10,2,14.708383056691263,10.27063556886628,0
11,2,14.827623739520778,10.320044911814177,0
12,2,14.935662383350559,10.375209910724273,0
13,2,15.042189106929284,10.42558332096289,0
14,2,15.146723693791639,10.481585958885752,0
15,2,15.260298890172727,10.53953509093253,0
16,2,15.376695014843095,10.582242180934566,0
17,2,15.498308575606545,10.633893722002288,0
18,2,15.601138186716138,10.689074328009777,0
19,2,15.707696279388431,10.74724441916496,0
20,2,15.8120439255626,10.813503988829376,0
21,2,15.919632562329939,10.891053473238088,0
22,2,16.02845283809986,10.960177004582084,0
23,2,16.137139903264522,11.022727622349333,0
24,2,16.244622097149268,11.07091827049121,0
25,2,16.357903541339727,11.119550738492118,0
26,2,16.48272023992179,11.156095752444887,0
27,2,16.621045902540878,11.184356141484793,0
28,2,16.743208209553647,11.207563232521174,0
29,2,16.864067571278934,11.236071867577623,0
30,2,16.981187910859,11.255136689909412,0
31,2,17.107088034260208,11.285053998237297,0
32,2,17.230600073925846,11.317455226615241,0
33,2,17.357318798375484,11.350316957266251,0
34,2,17.474199024776095,11.373835762430739,0
35,2,17.58822001084453,11.390045845625124,0
36,2,17.71927599194599,11.397375140294734,0
37,2,17.855040280145925,11.393517159538348,0
38,2,17.98087923070512,11.395765504353168,0
39,2,18.108019755852002,11.406170596530163,0
40,2,18.22784401746606,11.410926401263586,0
41,2,18.350872209800585,11.417537431519067,0
42,2,18.479244964076813,11.43942311376757,0
43,2,18.605967233185503,11.458742878024946,0
44,2,18.73358966868033,11.47468033163438,0
45,2,18.857441024822684,11.477719566442005,0
46,2,18.98136400545326,11.470754792789078,0
47,2,19.11657108132281,11.456366993612548,0
48,2,19.247117169190602,11.44042655068328,0
49,2,19.36463912251641,11.437002592131007,0
50,2,19.488066741588952,11.434787399659742,0
51,2,19.612848893427167,11.442831793745675,0
52,2,19.7480857316168,11.46502031654304,0
53,2,19.880496551243688,11.484162945056497,0
54,2,20.002755262716928,11.502095182703421,0
55,2,20.127214561230797,11.513806223155385,0
56,2,20.253292716599965,11.518211842594061,0
57,2,20.385578686262573,11.515234266399505,0
58,2,20.52005868648275,11.500903244342881,0
59,2,20.65303361250311,11.495213599948913,0
60,2,20.778230292826024,11.498667653286253,0
61,2,20.890532207504386,11.508590991078758,0
62,2,21.00928823366711,11.532426651534037,0
63,2,21.13418421799606,11.554237461850517,0
64,2,21.265683707178425,11.579200770874051,0
65,2,21.387436645979836,11.590831565621077,0
66,2,21.513956321318055,11.600024852995192,0
67,2,21.637127809126362,11.607676762322855,0
68,2,21.76681818430563,11.60156025349017,0
69,2,21.89454286702349,11.593283838442687,0
70,2,22.017378837029955,11.587839703068791,0
71,2,22.135512974973818,11.585921982358796,0
72,2,22.2511931704628,11.587717647645988,0
73,2,22.368299318299858,11.596090147102423,0
74,2,22.50092789667814,11.609005305990431,0
75,2,22.638189844520593,11.623782049657628,0
76,2,22.755051339219115,11.629880647682,0
77,2,22.85209479548361,11.632372957458822,0
0,3,12.754202859443529,6.263643499006305,0
1,3,12.76092054997586,6.212667259662996,0
2,3,12.772650352145002,6.167394246101211,0
3,3,12.786000391217376,6.119737505084945,0
4,3,12.797748541404525,6.066377238494078,0
5,3,12.812789742058284,6.019783232717154,0
6,3,12.825701459707732,5.9607052531702145,0
7,3,12.835830232529567,5.904381975768471,0
8,3,12.836122357164667,5.856051206671629,0
9,3,12.835750613935387,5.801108584843604,0
10,3,12.832248529806082,5.741130621854207,0
11,3,12.815302144912758,5.69911422908245,0
12,3,12.800918497397678,5.662400987036871,0
13,3,12.763405662495288,5.617139368027226,0
14,3,12.735158289331151,5.575359160194064,0
15,3,12.700166130758905,5.530778928480471,0
16,3,12.679307219820252,5.494372515589321,0
17,3,12.664376479172063,5.4496717035854765,0
18,3,12.646310299814086,5.408904424950339,0
19,3,12.632089428902798,5.367362879467354,0
20,3,12.620533169374848,5.334411208421548,0
21,3,12.616833732822327,5.292718666811643,0
22,3,12.616740045076536,5.265247725609586,0
23,3,12.602976041325908,5.246070634075987,0
24,3,12.575440679527288,5.242972555642202,0
25,3,12.557610258406827,5.242124644267714,0
26,3,12.539346928660825,5.242918418313513,0
27,3,12.513260707711229,5.252770445358435,0
28,3,12.477265585793292,5.259260751371587,0
29,3,12.440839370772778,5.278501659024377,0
30,3,12.395238411604462,5.30687856525269,0
31,3,12.340300633439853,5.321806208267601,0
32,3,12.2812649232157,5.336143672904685,0
33,3,12.22414773527013,5.342356624090084,0
34,3,12.163584708210005,5.335982225554818,0
35,3,12.10002342840533,5.325294095555906,0
36,3,12.038357599719456,5.298762776616952,0
37,3,11.978391890806462,5.262878514066925,0
38,3,11.919635221843542,5.223740906867507,0
39,3,11.8707082273364,5.183870648911645,0
40,3,11.815739203669633,5.161740243025439,0
41,3,11.763028683270614,5.145157329275359,0
42,3,11.716134475150918,5.130276502758497,0
43,3,11.653752276354423,5.11409051019362,0
44,3,11.593304022610605,5.101483008365784,0
45,3,11.541716655696963,5.104095470234428,0
46,3,11.487716492039764,5.105262323595054,0
47,3,11.43971535081004,5.0909695278248845,0
48,3,11.392398445577506,5.069865909201255,0
49,3,11.342259287318145,5.051493174630081,0
50,3,11.29608843650043,5.032765670106112,0
51,3,11.253538107920724,5.009902955482753,0
52,3,11.198583559870611,4.979565033400408,0
53,3,11.147206811801693,4.954417708901203,0
54,3,11.09161899435483,4.927820488791962,0
55,3,11.034801754803397,4.901850665063177,0
56,3,10.975952494803062,4.870644937273262,0
57,3,10.909116499251656,4.842744635512873,0
58,3,10.832395961857214,4.823707175037377,0
59,3,10.761317897441645,4.798624372155244,0
60,3,10.683105366964153,4.785827586857532,0
61,3,10.607308537532164,4.762568553541451,0
62,3,10.541865107752027,4.738647768773954,0
63,3,10.481271064610652,4.709982952935252,0
64,3,10.435490491685565,4.682442488795445,0
65,3,10.387648257409955,4.655734937375824,0
66,3,10.347783784988554,4.628681227212451,0
67,3,10.312202977901228,4.591342107509962,0
68,3,10.280847004934996,4.549029317714387,0
69,3,10.253281858835031,4.513529693471717,0
70,3,10.221074440148696,4.4863098959783585,0
71,3,10.189621305408089,4.467936027468144,0
72,3,10.159631169973377,4.451962451541589,0
73,3,10.129900782424498,4.448743251576686,0
74,3,10.112445209702848,4.448682429456569,0
75,3,10.089131569423346,4.441214111025945,0
76,3,10.065931924190847,4.443746482816515,0
77,3,10.029880756296215,4.456166005907931,0
78,3,10.00179097580364,4.455564481779827,0
79,3,9.980164781894914,4.45770129862713,0
80,3,9.956005468225035,4.448977960612702,0
81,3,9.925108312657674,4.433752905306865,0
82,3,9.893954454680081,4.408077658394637,0
83,3,9.848543566387509,4.379512940627753,0
84,3,9.811249737026662,4.3438165854775965,0
85,3,9.768290158637383,4.2958622475148385,0
86,3,9.716465026348954,4.2416382805507125,0
87,3,9.656713198474646,4.192291673614951,0
88,3,9.60435907087186,4.15013660232066,0
89,3,9.54744384608958,4.105497906502573,0
90,3,9.49211030906056,4.0676617729640325,0
91,3,9.439305840100268,4.047064765420204,0
92,3,9.373949023484034,4.021369511867719,0
93,3,9.296734582528213,3.9984795748896427,0
94,3,9.202537017590965,3.9686878511803454,0
95,3,9.109758197196278,3.9482358463371128,0
96,3,9.020616443970741,3.925424451561172,0
97,3,8.933207952103768,3.9037263107657036,0
98,3,8.860937912683685,3.8689780149902373,0
99,3,8.808499259544503,3.826993260401756,0
0,4,14.123076857182017,11.52611662212171,0
1,4,14.275488054926624,11.564826862351694,0
2,4,14.443195272282486,11.582261172137137,0
3,4,14.607447825688341,11.601329638344628,0
4,4,14.756555568391887,11.61998556081643,0
5,4,14.911531954455757,11.639165417687725,0
6,4,15.0714655759742,11.683777241621174,0
7,4,15.225653806741517,11.735805204801323,0
8,4,15.38668998212402,11.774877807459,0
9,4,15.53897744832653,11.814326038096366,0
10,4,15.684483453184544,11.846471284211297,0
11,4,15.849579473668198,11.864556803481298,0
12,4,16.022296441266874,11.875322522799383,0
13,4,16.18487520951925,11.888885663830555,0
14,4,16.348827335430702,11.911318683981603,0
15,4,16.51015487591616,11.938476992932817,0
16,4,16.66226453751475,11.981888236391258,0
17,4,16.81487956707539,12.038545365816876,0
18,4,16.959356617388732,12.086183376902298,0
19,4,17.108608032195523,12.126831121613824,0
20,4,17.248018826432297,12.163735640550552,0
21,4,17.40713092594635,12.197209954899304,0
22,4,17.56017679460452,12.231572051342397,0
23,4,17.70053401869664,12.26323138864102,0
24,4,17.84662944309352,12.299147004717323,0
25,4,17.980546393281003,12.347216056516928,0
26,4,18.12085882481608,12.392220628490644,0
27,4,18.259325189285583,12.417559987427696,0
28,4,18.39577884889991,12.444629604831997,0
29,4,18.529898334862867,12.450430779920909,0
30,4,18.677991073963877,12.448097922094425,0
31,4,18.824515922041925,12.454837250405223,0
32,4,18.969759196600066,12.452151594396614,0
33,4,19.107983414663046,12.456583387562993,0
34,4,19.251629952474616,12.467967540783718,0
35,4,19.406187755157216,12.485818677939177,0
36,4,19.555594815456306,12.50881799450843,0
37,4,19.703969174529316,12.525448200867652,0
38,4,19.845081677458662,12.529036856901847,0
39,4,19.991867889940984,12.541528326743261,0
40,4,20.150071853414726,12.55141466717967,0
41,4,20.31551582239675,12.575034250896792,0
42,4,20.47072380314913,12.612370613881177,0
43,4,20.612172503699277,12.643609872465502,0
44,4,20.75657280394565,12.69205126676869,0
45,4,20.907514478825778,12.735857890883064,0
46,4,21.05732853357801,12.788085764361064,0
47,4,21.211463461802566,12.82387852928209,0
48,4,21.365720657453284,12.856291419967311,0
49,4,21.51299722461587,12.896337725438178,0
50,4,21.659578840336483,12.935536539475983,0
51,4,21.812619869615325,12.975542546979112,0
52,4,21.96133504227692,13.02360648438797,0
53,4,22.101862166104794,13.077085472835758,0
54,4,22.24670741497593,13.131743296755689,0
55,4,22.38650552247858,13.196263597055852,0
56,4,22.52888892316398,13.247610501264763,0
57,4,22.67930473663247,13.300789058596118,0
58,4,22.832298977925216,13.352016950831695,0
0,5,15.316443727727522,9.771422269051532,0
1,5,15.400868816030206,9.776787414361,0
2,5,15.484413329033009,9.78525057521353,0
3,5,15.555854751126887,9.809352168765086,0
4,5,15.634107796539928,9.83199885242617,0
5,5,15.711282993725066,9.855424361447884,0
6,5,15.763475369127017,9.882197468820841,0
7,5,15.819522742749916,9.899592305796931,0
8,5,15.868330648998025,9.906385048351384,0
9,5,15.925492257384404,9.914671197359878,0
10,5,15.983150800223436,9.91692474681521,0
11,5,16.026315033535536,9.914562042951825,0
12,5,16.06022664338837,9.9078299222964,0
13,5,16.0752075195483,9.912011294021452,0
14,5,16.08224712827802,9.910985954520855,0
15,5,16.085406332274932,9.909033470654318,0
16,5,16.09186621999785,9.907863702190307,0
17,5,16.0924748817438,9.901807356383312,0
18,5,16.08315230056185,9.905712492707753,0
19,5,16.076564868921448,9.91686833746903,0
20,5,16.069564772618758,9.926272572356504,0
21,5,16.071681285276135,9.945217764135963,0
22,5,16.06862311038911,9.948909923102912,0
23,5,16.07710886442861,9.952568555163573,0
24,5,16.08112149612283,9.956651210587204,0
25,5,16.076527345229668,9.956009644149924,0
26,5,16.083368550560834,9.94954908793172,0
27,5,16.08045919662596,9.94433419179727,0
28,5,16.07704215515049,9.944481515894262,0
29,5,16.08908407476808,9.937475091743476,0
30,5,16.08878291464159,9.938858190121815,0
31,5,16.08500490834299,9.939035371985048,0
32,5,16.08108093651017,9.933761822781879,0
33,5,16.07789167639278,9.943280996106823,0
34,5,16.076348629490493,9.943039963849287,0
35,5,16.07431009236566,9.940064908803388,0
36,5,16.074342502269648,9.940033050937831,0
37,5,16.088958373477478,9.94174512420258,0
38,5,16.09335551588147,9.942124640521415,0
39,5,16.094223389519307,9.939210772813384,0
40,5,16.09377493274541,9.932671151339328,0
41,5,16.092475649672526,9.942794893421551,0
42,5,16.091709285477844,9.940359187792245,0
43,5,16.09061185398018,9.942263719118595,0
44,5,16.08882845575432,9.944249108242897,0
45,5,16.088644877304155,9.941884766400852,0
46,5,16.08968801454953,9.937972201428519,0
47,5,16.091139049086152,9.937480807230653,0
48,5,16.09265035766793,9.937673213216511,0
49,5,16.09455027642336,9.926444623356733,0
50,5,16.09654251572174,9.916743808729443,0
51,5,16.097655207812153,9.914512660012258,0
52,5,16.09887928886486,9.91301651840082,0
53,5,16.10462745490513,9.907097519630042,0
54,5,16.10260404653829,9.892828193220737,0
55,5,16.108528661114278,9.881807275043624,0
56,5,16.133169851193983,9.852050797473726,0
57,5,16.169637090909966,9.809470055631207,0
58,5,16.209864053883546,9.759093796386136,0
59,5,16.24584048043932,9.70741349126359,0
60,5,16.283080550217477,9.671175481834004,0
61,5,16.30827790702507,9.636895776916093,0
62,5,16.321799937880602,9.620807528703963,0
63,5,16.33588948138356,9.61352871205055,0
64,5,16.340901209354335,9.605081306536256,0
65,5,16.3439133194928,9.614697434852946,0
66,5,16.346140832872134,9.621801595401372,0
67,5,16.35805874089901,9.624601551052441,0
68,5,16.371658438608762,9.628644584119147,0
69,5,16.39193603609116,9.640776743303162,0
70,5,16.42065730932407,9.658583053540143,0
71,5,16.459269182767482,9.694488598382334,0
72,5,16.504560524072037,9.749794170731386,0
73,5,16.546436558540993,9.795482959727183,0
74,5,16.581922100611166,9.854200030804751,0
75,5,16.6249615297126,9.900176940746212,0
76,5,16.679641935628002,9.93877690180317,0
77,5,16.73778345723094,9.958585439131495,0
78,5,16.79763785522694,9.977638615581624,0
79,5,16.854075661195502,9.98683968052304,0
80,5,16.91690103309988,9.997861900950092,0
81,5,16.967973290621675,10.006334009646546,0
82,5,17.020948424643105,10.019414120250257,0
83,5,17.07726754427144,10.043715082011776,0
84,5,17.13064284382614,10.071608440789294,0
85,5,17.18430518642797,10.09836390054367,0
86,5,17.226758921488983,10.121300141259407,0
87,5,17.25903251620206,10.142013947838596,0
88,5,17.287442980109507,10.148424601672295,0
89,5,17.309997791582624,10.149719730365861,0
90,5,17.332141491992886,10.143668862101206,0
91,5,17.35349059063499,10.146340189588596,0
92,5,17.36428807972985,10.137311979278076,0
93,5,17.367843073638955,10.135010660502601,0
94,5,17.37674706770948,10.126427808353549,0
95,5,17.385573673389164,10.118673267906557,0
96,5,17.388686324965526,10.110014284021654,0
97,5,17.384778233037114,10.110191170205598,0
98,5,17.389161229306573,10.11263017965095,0
99,5,17.401275572883776,10.104662593057636,0
0,6,15.4912826805784,10.298672860128836,0
1,6,15.539542547342217,10.284460283961264,0
2,6,15.582000238307959,10.274942847318256,0
3,6,15.61606136399622,10.2645667822802,0
4,6,15.668391423350199,10.257682518266241,0
5,6,15.704463509028685,10.253830156155576,0
6,6,15.731896133586332,10.26425578684107,0
7,6,15.763099276785246,10.281325035497376,0
8,6,15.794068702735956,10.308138947107544,0
9,6,15.821711251938762,10.345535228719646,0
10,6,15.84435470333511,10.366778082674227,0
11,6,15.867295030618878,10.39427230196426,0
12,6,15.89298789060139,10.402240737202934,0
13,6,15.90378523549588,10.403639005578345,0
14,6,15.927733394972922,10.400395859190775,0
15,6,15.945241360864724,10.39246954118459,0
16,6,15.97691315970042,10.38397049918016,0
17,6,16.007540668283937,10.383024924462052,0
18,6,16.024633291794057,10.381532204888936,0
19,6,16.050108228980466,10.375125021678944,0
20,6,16.073258165680404,10.374929916609158,0
21,6,16.08975354884335,10.384442274705828,0
22,6,16.10760903674311,10.389846670610458,0
23,6,16.140435998586106,10.402586004988974,0
24,6,16.159951985979642,10.427655739590547,0
25,6,16.204166762407546,10.466960731161869,0
26,6,16.24544005249853,10.497256364203079,0
27,6,16.271186837760208,10.53513942564104,0
28,6,16.30244774035077,10.565236686898306,0
29,6,16.330194705612378,10.582407650560102,0
30,6,16.361313212767172,10.600744633139415,0
31,6,16.371356114441227,10.615586629481063,0
32,6,16.381593929201586,10.620773960014857,0
33,6,16.37702719427107,10.632751243431676,0
34,6,16.38055273066614,10.633520164297202,0
35,6,16.38003032796028,10.628737782902142,0
36,6,16.372397858479367,10.624093239797192,0
37,6,16.362687048736092,10.6213344590699,0
38,6,16.37138445073046,10.61915124828157,0
39,6,16.370603820467167,10.614278152337773,0
40,6,16.36004003360323,10.607140465099468,0
41,6,16.358033236678924,10.60402535862905,0
42,6,16.356033198492504,10.615781708377597,0
43,6,16.352749954032785,10.615333291921015,0
44,6,16.356683929722713,10.610585459838308,0
45,6,16.358410106622607,10.600521254893177,0
46,6,16.358687929630594,10.604048002326008,0
47,6,16.35752692292315,10.60166711416314,0
48,6,16.354276491524452,10.601561036784016,0
49,6,16.353107144605985,10.599934230448229,0
50,6,16.352235425905466,10.592386935478135,0
51,6,16.34864478118095,10.591476666465839,0
52,6,16.352938293067787,10.587631527057326,0
53,6,16.37981590019489,10.595429096944638,0
54,6,16.41207885659031,10.598525593827363,0
55,6,16.464596308789588,10.61570168569121,0
56,6,16.551014974354434,10.640592739938418,0
57,6,16.636766936902657,10.6676947400677,0
58,6,16.704837049926475,10.683410040611166,0
59,6,16.764986278396737,10.681963231332047,0
60,6,16.831113035866395,10.683322770190191,0
61,6,16.887706972508443,10.674812587757375,0
62,6,16.943194955028783,10.675254063962758,0
63,6,16.994262836251714,10.674759568635038,0
64,6,17.02947385803122,10.679929853435045,0
65,6,17.077233160762038,10.691921243350018,0
66,6,17.117323245887842,10.700546406892068,0
67,6,17.157611236929196,10.69877196877777,0
68,6,17.19248387390309,10.702216707671678,0
69,6,17.229489617429355,10.689776209349562,0
70,6,17.268778113047308,10.677624788713763,0
71,6,17.319437420273946,10.67236557759098,0
72,6,17.37068899138103,10.65352602289924,0
73,6,17.409774109704472,10.64680221025079,0
74,6,17.445598779834437,10.644721406358668,0
75,6,17.46723206557161,10.638986673981101,0
76,6,17.474335535259108,10.632772365996987,0
77,6,17.4715724040129,10.643572483719218,0
78,6,17.476376355904925,10.64941102692778,0
79,6,17.505857661793165,10.655244711300453,0
80,6,17.532658395735105,10.664214151297482,0
81,6,17.5719535873485,10.666295906617668,0
82,6,17.62791540080483,10.672245471383246,0
83,6,17.69036134232596,10.691094981340179,0
84,6,17.75073628171447,10.723886133606861,0
85,6,17.79512087291438,10.73453768303609,0
86,6,17.820137015761514,10.737272661656155,0
87,6,17.83755371348067,10.73275193080826,0
88,6,17.84883312910483,10.724523623942723,0
89,6,17.852328408934966,10.714347961769858,0
90,6,17.870267680933114,10.705613688845077,0
91,6,17.894918903250996,10.691920057272256,0
92,6,17.911450247098212,10.667008356132774,0
93,6,17.928455674919217,10.63468685397126,0
94,6,17.952746605394502,10.623949306962336,0
95,6,17.983613036671837,10.61295313233341,0
96,6,18.018286191133512,10.614872142414422,0
97,6,18.08285012586157,10.63936135191183,0
98,6,18.16123837131813,10.660810123484127,0
99,6,18.24491288708808,10.702725458526293,0
0,7,16.263142903645836,10.648367898506029,0
1,7,16.23540257855275,10.58572143883916,0
2,7,16.231526739923204,10.52229956602246,0
3,7,16.239872077483835,10.47468828980977,0
4,7,16.25592700053647,10.431952205159645,0
5,7,16.278507405316088,10.398372904374176,0
6,7,16.31910915559857,10.365638350076816,0
7,7,16.37076088733476,10.336383975109959,0
8,7,16.414837394084156,10.305267485500643,0
9,7,16.447587497547953,10.271042998107164,0
10,7,16.480050938395102,10.246962044680991,0
11,7,16.51647379325616,10.218747685449566,0
12,7,16.54698665253075,10.19332486807562,0
13,7,16.576387400094905,10.175311265086139,0
14,7,16.61139887956519,10.141349146806538,0
15,7,16.645231179039314,10.110878913812655,0
16,7,16.69327668230613,10.064683194462521,0
17,7,16.744344359973436,10.027269717967144,0
18,7,16.794586139924974,9.984750098686142,0
19,7,16.847267747707683,9.93319559112664,0
20,7,16.885557376575118,9.901107193165773,0
21,7,16.873516614855205,9.97114047735116,0
22,7,16.85855176297963,10.029323659623222,0
23,7,16.834780610702975,10.11124944558921,0
24,7,16.84751799577924,10.148389588508588,0
25,7,16.880734740698692,10.164833220147582,0
26,7,16.91415991907851,10.175178187529552,0
27,7,16.95468400529591,10.163382864660035,0
28,7,16.993153162109607,10.149512771935216,0
29,7,17.024535488832562,10.150227622272428,0
30,7,17.044343972136225,10.156712738011114,0
31,7,17.051906615737675,10.174211808062317,0
32,7,17.04047909016007,10.19991011127804,0
33,7,17.032108554862106,10.232731976975716,0
34,7,17.01554238845596,10.25055300877061,0
35,7,16.991682331261202,10.288348930559232,0
36,7,16.968691216177202,10.296307417131548,0
37,7,16.937590042498616,10.26196336110293,0
38,7,16.905393843373133,10.188074388462992,0
39,7,16.873094421193642,10.137904077064995,0
40,7,16.84219411102333,10.104968443955467,0
41,7,16.826399635151333,10.073762700652638,0
42,7,16.801232690314123,10.038936078998942,0
43,7,16.778387595368095,10.008769828741302,0
44,7,16.779079234252357,9.995710494519718,0
45,7,16.800473107253094,10.003251188741286,0
46,7,16.833473600752395,10.009348445440905,0
47,7,16.858241039740417,10.018402108204599,0
48,7,16.876367802538123,10.016682073600418,0
49,7,16.88316203063603,10.014047501968673,0
50,7,16.884222530067717,10.006737602469025,0
51,7,16.884096227371206,10.003054380136192,0
52,7,16.893044819219003,9.999206095897154,0
53,7,16.887429986762417,9.995779880953185,0
54,7,16.885541643495053,9.988635692715134,0
55,7,16.874494874689614,9.984996954320115,0
56,7,16.874063559673427,9.977530934088026,0
57,7,16.85472409300657,9.963399642752618,0
58,7,16.849245656777377,9.952338576354194,0
59,7,16.850284499651917,9.940838045740144,0
60,7,16.865970244079932,9.92739627665562,0
61,7,16.89696687227494,9.919473742666222,0
62,7,16.928493606278845,9.90136724139127,0
63,7,16.975944386868296,9.894841807346031,0
64,7,17.051580470425833,9.894772332084413,0
65,7,17.130630613399926,9.906792377831037,0
66,7,17.147377451518814,9.88978702773063,0
67,7,17.197850252330813,9.876867210462057,0
68,7,17.24438460630948,9.884444822216482,0
69,7,17.302755297615114,9.893169806413065,0
70,7,17.36032345315224,9.922555471520704,0
71,7,17.405819337102134,9.939561036494093,0
72,7,17.456340641681077,9.949931431089494,0
73,7,17.495208797206566,9.962611700476419,0
74,7,17.543793853145193,9.95140628042209,0
75,7,17.606327302554046,9.94113731050501,0
76,7,17.663315759702968,9.928736268985016,0
77,7,17.721333866719405,9.912335795307072,0
78,7,17.775612836756537,9.895666008551288,0
79,7,17.821149526243783,9.884384385838446,0
80,7,17.85638902492547,9.890742827946863,0
81,7,17.89156221727314,9.906528741717228,0
82,7,17.92814143178446,9.934835410720689,0
83,7,17.958522366368832,9.96032989308294,0
84,7,17.979827174741736,9.991009865989838,0
85,7,17.99733168662988,10.01091792262823,0
86,7,18.0148649895948,10.038870553323534,0
87,7,18.048727102616077,10.04521295366581,0
88,7,18.08250215864902,10.040810551120314,0
89,7,18.127148692441878,10.028646465391006,0
90,7,18.183830929929478,10.010980896300177,0
91,7,18.24595402869358,9.994627072944516,0
92,7,18.307460347674784,9.980852919932467,0
93,7,18.36107268404495,9.98140354148353,0
94,7,18.41073538181457,9.992958714855543,0
95,7,18.452025615743857,10.00813179061426,0
96,7,18.483548287614347,10.031002095202085,0
97,7,18.508072980828835,10.055559981938137,0
98,7,18.537574133553065,10.089057967497421,0
99,7,18.561288172282207,10.098801895309895,0
0,8,17.631396912691887,10.543893914473683,0
1,8,17.74998119446723,10.56377303356546,0
2,8,17.87399685196785,10.576967282823583,0
3,8,17.99179447582819,10.573582573569581,0
4,8,18.115796504538313,10.585445447905153,0
5,8,18.23590828262826,10.601952501754742,0
6,8,18.350289435939178,10.62329064645063,0
7,8,18.473309713878567,10.661817479430919,0
8,8,18.594075290418044,10.72100760848997,0
9,8,18.70089106540289,10.76698923989219,0
10,8,18.799423062867127,10.804880938152236,0
11,8,18.903074248745494,10.821872934700593,0
12,8,19.00151377278767,10.824175456785285,0
13,8,19.114773213909512,10.818102421014823,0
14,8,19.222678183896317,10.817747963353233,0
15,8,19.324375353660383,10.817543581980571,0
16,8,19.430111095544444,10.831828253028313,0
17,8,19.541134940243417,10.86118532763411,0
18,8,19.64260028586209,10.895375373381043,0
19,8,19.742442241505774,10.942243882126903,0
20,8,19.843434890256407,10.987050274135195,0
21,8,19.939506443518827,11.021197698366302,0
22,8,20.034747791513336,11.054372896508003,0
23,8,20.1436554883357,11.066438762022031,0
24,8,20.2670038776942,11.074867933296515,0
25,8,20.393087443336714,11.069117595232019,0
26,8,20.515263053778963,11.07354098867245,0
27,8,20.630278390708614,11.0938931074372,0
28,8,20.738812156371946,11.118654554777649,0
29,8,20.844880253068652,11.15691451615289,0
30,8,20.949057773423007,11.220187956696149,0
31,8,21.04988261407971,11.282511790826069,0
32,8,21.142586190535614,11.330880294460151,0
33,8,21.242859531083646,11.368443264594383,0
34,8,21.341704966014206,11.401243424720384,0
35,8,21.435879428387015,11.410175229485791,0
36,8,21.530426392487914,11.41320908610129,0
37,8,21.634792866530837,11.422236483166339,0
38,8,21.734870254293952,11.432651048637075,0
39,8,21.834613000138802,11.45697490951359,0
40,8,21.9289361208644,11.497099049878559,0
41,8,22.0285218784507,11.561295508384624,0
42,8,22.11798865329786,11.626796073255619,0
43,8,22.205927923645554,11.678725928215501,0
44,8,22.307290466559447,11.722572991755037,0
45,8,22.405897764556727,11.743364425063794,0
46,8,22.509533120285077,11.756416498928267,0
47,8,22.61434327122918,11.757766672816858,0
48,8,22.71814764879951,11.753500976711145,0
49,8,22.824963421420957,11.75008141471582,0
0,9,17.561563056811952,9.947342722039474,0
1,9,17.667486973993128,9.988591284506603,0
2,9,17.770372012977983,10.011185769373272,0
3,9,17.886347984024837,10.041572996238145,0
4,9,17.995138682335035,10.055055783971923,0
5,9,18.0973993353504,10.071510838494662,0
6,9,18.215262082225717,10.092255228929439,0
7,9,18.325970279432994,10.094553292766463,0
8,9,18.429668776399826,10.112618382695176,0
9,9,18.53437071505222,10.141559641646143,0
10,9,18.63599794360452,10.183804546068332,0
11,9,18.75177159319265,10.247269888755213,0
12,9,18.861169578594737,10.305872091999706,0
13,9,18.963637692966767,10.359809728927699,0
14,9,19.064856113213768,10.398179503133298,0
15,9,19.160523267751994,10.422669455572565,0
16,9,19.27065753544563,10.434525640117226,0
17,9,19.384477095116985,10.440691626424426,0
18,9,19.488337930083656,10.445116022750726,0
19,9,19.593140603934884,10.458004219532796,0
20,9,19.68743868869553,10.493866510438318,0
21,9,19.780228823687693,10.532474069488174,0
22,9,19.881150178216615,10.583621348008947,0
23,9,19.983103730517964,10.630638685304893,0
24,9,20.091396606219156,10.665147301894237,0
25,9,20.191279863878904,10.685430694101138,0
26,9,20.29774889654508,10.69473676094119,0
27,9,20.41449967390543,10.699441376383255,0
28,9,20.529389560352556,10.71190016828721,0
29,9,20.642554660447598,10.717826529316547,0
30,9,20.747318551051798,10.741719001542517,0
31,9,20.844107121414943,10.778062426612792,0
32,9,20.962108857480548,10.823570381487652,0
33,9,21.06637444303441,10.862913236132401,0
34,9,21.178693720544686,10.902752938069217,0
35,9,21.28121577402424,10.929143503028664,0
36,9,21.38044645352311,10.940528910886028,0
37,9,21.486662142118835,10.958122408549672,0
38,9,21.583245799637957,10.964723159108216,0
39,9,21.678818428059984,10.971504034990886,0
40,9,21.776898524933067,10.994858769408255,0
41,9,21.872920610791496,11.027277149043211,0
42,9,21.963142516119646,11.066622519072551,0
43,9,22.051070053460545,11.119306714783285,0
44,9,22.153574046307632,11.16172211741033,0
45,9,22.23926534874885,11.184891489767324,0
46,9,22.31767638088654,11.206982447087311,0
47,9,22.402787525368684,11.21795487654334,0
48,9,22.490073833631875,11.21523142813451,0
49,9,22.56730167651997,11.211770420789291,0
50,9,22.63690881704547,11.220692195942803,0
51,9,22.708803058664365,11.241046170578912,0
52,9,22.792062738037608,11.28145934598925,0
0,10,17.35064268948739,9.175495348478618,0
1,10,17.44817701857328,9.180371797366377,0
2,10,17.548863821586604,9.180682458955655,0
3,10,17.659864202567743,9.166607179509445,0
4,10,17.764450574252656,9.13952335146098,0
5,10,17.876157141830127,9.121368898049939,0
6,10,17.976065339586512,9.114161525616208,0
7,10,18.071590051644694,9.122874165967492,0
8,10,18.161284192557705,9.155870206732219,0
9,10,18.26187156438848,9.20061543622311,0
10,10,18.362824927144942,9.248492463779487,0
11,10,18.480400990987597,9.293259600599468,0
12,10,18.593080224932816,9.326673414172996,0
13,10,18.691715979045853,9.356458898331455,0
14,10,18.810368615927924,9.379156367308207,0
15,10,18.920414512258372,9.397138322695627,0
16,10,19.037071978909424,9.413188790718172,0
17,10,19.14267458750281,9.434632994631162,0
18,10,19.241851170247784,9.462612490184974,0
19,10,19.343184982681045,9.491340791618372,0
20,10,19.449150746831414,9.541191281355328,0
21,10,19.558399387636495,9.600195679281127,0
22,10,19.66391885434491,9.657380964899028,0
23,10,19.765012421211093,9.698211104630442,0
24,10,19.870331106458412,9.725166001566015,0
25,10,19.975856893109235,9.748574325933276,0
26,10,20.079124769407624,9.763578458365114,0
27,10,20.20387122644737,9.768959770619611,0
28,10,20.322337758557577,9.771653929115732,0
29,10,20.423704066589053,9.783716820329566,0
30,10,20.519529446807063,9.810514937013858,0
31,10,20.62572539747061,9.84161900868568,0
32,10,20.735603206443557,9.887637993624178,0
33,10,20.850213120670606,9.9523302414636,0
34,10,20.95151404428841,10.000471573528339,0
35,10,21.058108309893925,10.040871884675342,0
36,10,21.164900820996674,10.07705965676617,0
37,10,21.27603287412451,10.114901180473964,0
38,10,21.39760116744915,10.128789600664435,0
39,10,21.51499253302296,10.150328491874742,0
40,10,21.62649662795358,10.171261537671109,0
41,10,21.73895597513243,10.203327549011597,0
42,10,21.846986043332436,10.239098526812265,0
43,10,21.96100261910741,10.291193591363012,0
44,10,22.0754122424196,10.351030302470987,0
45,10,22.18841282193927,10.403352249840669,0
46,10,22.28728409567357,10.448780481684718,0
47,10,22.3821851477933,10.477903274754784,0
48,10,22.46535251248852,10.49477856482177,0
49,10,22.547714227135774,10.520622160914025,0
50,10,22.639942564590196,10.5317257237653,0
51,10,22.730177961277242,10.539777871782638,0
52,10,22.834032023328895,10.540502659652704,0
0,11,17.596425909745065,8.508743018434759,0
1,11,17.68373647742591,8.510997954627502,0
2,11,17.79070851802725,8.52893515430474,0
3,11,17.891790911825844,8.542081270141294,0
4,11,17.9900695546887,8.535230884854418,0
5,11,18.09922670935707,8.55018072362897,0
6,11,18.199375912763898,8.558303491232737,0
7,11,18.3001053078548,8.565108772082914,0
8,11,18.401983203580755,8.585247060875739,0
9,11,18.5019646721961,8.614977007783478,0
10,11,18.612661597392556,8.635480490365843,0
11,11,18.72568222208996,8.657594576819774,0
12,11,18.8343429573929,8.673166988437229,0
13,11,18.94836726564865,8.677574375485408,0
14,11,19.07662407237243,8.67395766194389,0
15,11,19.192876813054404,8.664358403562469,0
16,11,19.315894892115775,8.66957225167139,0
17,11,19.426837158163718,8.678790884272178,0
18,11,19.538079581805455,8.720329451481591,0
19,11,19.64401230767403,8.752035016120754,0
20,11,19.754085436657707,8.790017903166392,0
21,11,19.85287054474005,8.82282486328826,0
22,11,19.952623059065395,8.857486115643196,0
23,11,20.053602426428476,8.895743963636837,0
24,11,20.163758380562818,8.927048116606608,0
25,11,20.2763504511598,8.960421050094096,0
26,11,20.385354549194158,9.001737548113436,0
27,11,20.49330009408207,9.051592820937756,0
28,11,20.596225808601428,9.126162508392941,0
29,11,20.704142692846514,9.206549957348841,0
30,11,20.79828608297554,9.271983903600882,0
31,11,20.893662684704843,9.31908446268432,0
32,11,20.992291044924016,9.371505854271934,0
33,11,21.095895221669068,9.418864848044226,0
34,11,21.201335479797248,9.456740230341678,0
35,11,21.309264099234632,9.497770457923556,0
36,11,21.421562294528627,9.54809888818272,0
37,11,21.536029307827228,9.597614733616792,0
38,11,21.649730581892833,9.644746985808299,0
39,11,21.75934583524038,9.702848500074742,0
40,11,21.878300522711402,9.766866498226946,0
41,11,22.00415384708383,9.812061879501218,0
42,11,22.11663440529177,9.844748629394351,0
43,11,22.223057025497084,9.87162278325883,0
44,11,22.334944869234405,9.887655533664459,0
45,11,22.43896331817309,9.894250119286808,0
46,11,22.541860425211834,9.918394323399244,0
47,11,22.63118813735521,9.941586467220908,0
48,11,22.708100670602523,9.969885024730708,0
49,11,22.795275701524705,10.019138304081658,0
50,11,22.871104561552908,10.071444755625064,0
0,12,18.333907277960527,8.508106432462993,0
1,12,18.40888096372142,8.454069065118974,0
2,12,18.47906576387749,8.384250682147462,0
3,12,18.531975140406807,8.371404225733391,0
4,12,18.574299384603354,8.369694096708955,0
5,12,18.696133078618384,8.36695245013563,0
6,12,18.86938247446016,8.22247322896753,0
7,12,19.0218823457281,8.226605327229668,0
8,12,19.13334422707355,8.180057800476572,0
9,12,19.248402139950972,8.23712249136103,0
10,12,19.355153915357416,8.31519243019192,0
11,12,19.453909701467875,8.244238278195462,0
12,12,19.5546533998489,8.196786436104219,0
13,12,19.657493241394114,8.18734402520481,0
14,12,19.77103307096205,8.189867289744404,0
15,12,19.882357840763873,8.228345707690066,0
16,12,19.980405063065497,8.294971923129696,0
17,12,20.079572347492245,8.367255432705504,0
18,12,20.15985098500807,8.441493629115726,0
19,12,20.238085496292754,8.520368189881815,0
20,12,20.326673604995882,8.591167945741926,0
21,12,20.423653081363316,8.644485416065631,0
22,12,20.527207877502594,8.625349484047012,0
23,12,20.640734741690707,8.613311296592444,0
24,12,20.76368895754217,8.629637923031558,0
25,12,20.890339955665358,8.655360379713937,0
26,12,21.0021489178689,8.697776838257205,0
27,12,21.112085074729023,8.741011401098106,0
28,12,21.203407049218,8.807774148610195,0
29,12,21.314852697175485,8.86634160135286,0
30,12,21.407637203925674,8.926399602652989,0
31,12,21.50173422358178,8.994151177047845,0
32,12,21.604339125298267,9.033265688892504,0
33,12,21.709904117437404,9.067419381164386,0
34,12,21.818490554313453,9.093954497055815,0
35,12,21.93182558367932,9.106573465694417,0
36,12,22.043456261609887,9.127077247137677,0
37,12,22.137526763285788,9.152508371024174,0
38,12,22.225498390281228,9.19334672608385,0
39,12,22.315789363903182,9.24315826736127,0
40,12,22.389007600078717,9.298434953277702,0
41,12,22.45607013397405,9.377762509482835,0
42,12,22.528733787364974,9.444546727963406,0
43,12,22.605008637759216,9.490209158977425,0
44,12,22.681025356508627,9.533582957730667,0
45,12,22.773663284287693,9.569001937670981,0
0,13,19.209776761239034,9.491152043928178,0
1,13,19.29377173221029,9.499369837102156,0
2,13,19.384303396210385,9.503642870475081,0
3,13,19.47390673090464,9.493674506394864,0
4,13,19.577329878568058,9.479594966867268,0
5,13,19.674845963299248,9.462920443759172,0
6,13,19.770137165421726,9.470675275094795,0
7,13,19.863896123744183,9.474050393657622,0
8,13,19.946228296810578,9.489448490038518,0
9,13,20.039660409222968,9.510532403878262,0
10,13,20.137280698907706,9.52303582533982,0
11,13,20.24363649587973,9.534654800121169,0
12,13,20.3495419352945,9.533050287585015,0
13,13,20.451776860877178,9.532200077328575,0
14,13,20.561751568101524,9.519209729846834,0
15,13,20.673489288059475,9.500098664913278,0
16,13,20.764923626618604,9.492991177184853,0
17,13,20.861972033799915,9.503145056942632,0
18,13,20.970386106563982,9.51992758984476,0
19,13,21.065757346969914,9.544994078411822,0
20,13,21.169280421623338,9.574532971705093,0
21,13,21.282887210783368,9.610378472164015,0
22,13,21.400739608412163,9.64500634012762,0
23,13,21.513380508758985,9.655421700044965,0
24,13,21.623833638971707,9.663287986347767,0
25,13,21.737521116945956,9.661472351638562,0
26,13,21.855502217296735,9.666014344706616,0
27,13,21.966442396850095,9.6732894755835,0
28,13,22.065365647211877,9.701746111479908,0
29,13,22.17402375550509,9.728026021965277,0
30,13,22.267716732513115,9.760508873698077,0
31,13,22.37782659383002,9.79478404984161,0
32,13,22.499391196863677,9.830249293829423,0
33,13,22.607821436803526,9.851789467179213,0
34,13,22.710390558736773,9.872222640356101,0
35,13,22.809237143846165,9.886996202650637,0
0,14,18.859274345531798,9.806726288377194,0
1,14,18.95568835072914,9.823893974497356,0
2,14,19.056906608685868,9.842292359663869,0
3,14,19.156905991801366,9.857500569773338,0
4,14,19.25142692646212,9.859186504950001,0
5,14,19.363410063170928,9.852059373394594,0
6,14,19.474566531849582,9.855064418003483,0
7,14,19.593531979105272,9.853649842485849,0
8,14,19.705825935936783,9.850801251465867,0
9,14,19.810452361313388,9.850230072275584,0
10,14,19.906478809892857,9.854130992988548,0
11,14,19.997400910581508,9.879786412495857,0
12,14,20.09455957188378,9.917069786991602,0
13,14,20.19734173952655,9.955936158911044,0
14,14,20.299354032049017,9.992068263471262,0
15,14,20.398348138757054,10.028380548251887,0
16,14,20.495136025084758,10.052580475588716,0
17,14,20.598931673480106,10.082705811401716,0
18,14,20.702670758695007,10.09958750654254,0
19,14,20.818157235959532,10.114420943555054,0
20,14,20.93053412075745,10.13047249495022,0
21,14,21.029679579330704,10.143809967573466,0
22,14,21.13072444204398,10.168011547856203,0
23,14,21.23801336589625,10.188372301653096,0
24,14,21.344970508851915,10.22687394103066,0
25,14,21.451250438911455,10.281446323344241,0
26,14,21.55730835669571,10.325716935653459,0
27,14,21.662466018614584,10.360034967619317,0
28,14,21.764144777702203,10.388967726172076,0
29,14,21.871805891141296,10.400304570881014,0
30,14,21.982259913977234,10.408938398884196,0
31,14,22.094318368707423,10.400876812679924,0
32,14,22.216229795174126,10.399652691714394,0
33,14,22.32059638663938,10.4045191848461,0
34,14,22.41970115507959,10.420875054168807,0
35,14,22.51114256589992,10.450251144132054,0
36,14,22.600259667265473,10.49388838899639,0
37,14,22.69310510371868,10.553510205733755,0
38,14,22.795919080910902,10.611822292091354,0
0,15,18.96469383908991,10.191685726768092,0
1,15,19.053980460815385,10.19908432499735,0
2,15,19.153516057952395,10.217413839939194,0
3,15,19.264085177187297,10.238455607822354,0
4,15,19.372168535384095,10.265440444240127,0
5,15,19.470635799045777,10.278114766518092,0
6,15,19.567229020195505,10.284688388638079,0
7,15,19.664865889625297,10.286653904535267,0
8,15,19.786448194498803,10.278810705363695,0
9,15,19.889401759959625,10.282653372518721,0
10,15,19.98348186675239,10.290242877380614,0
11,15,20.072147574570362,10.311294080498962,0
12,15,20.149617628272384,10.340913753160835,0
13,15,20.24112244655593,10.383354841707002,0
14,15,20.34812058444968,10.434646573637382,0
15,15,20.441776628662623,10.478301746580442,0
16,15,20.538264067259597,10.506028199017246,0
17,15,20.63345484415045,10.530451049607857,0
18,15,20.724533007034907,10.539866590412121,0
19,15,20.830300847002565,10.548232722025347,0
20,15,20.918414707319364,10.559268441753279,0
21,15,21.011517398446546,10.575414882291282,0
22,15,21.09670202517585,10.59837560496035,0
23,15,21.175292627087593,10.630342036449033,0
24,15,21.26531774140876,10.669070965846325,0
25,15,21.360092114346802,10.710327001626823,0
26,15,21.45256036274341,10.747785251529121,0
27,15,21.544612857882882,10.794406489526459,0
28,15,21.633655109223948,10.83170480084432,0
29,15,21.725964047368624,10.855290657935434,0
30,15,21.82449882357723,10.891836347077438,0
31,15,21.910395477709816,10.918117845509643,0
32,15,21.97930193148595,10.952074810030913,0
33,15,22.04796626014381,10.986635719353211,0
34,15,22.113182878506777,11.02398370331242,0
35,15,22.181562745010496,11.073200683014493,0
36,15,22.255702817847975,11.11220500198219,0
37,15,22.331860701564196,11.146904133349063,0
38,15,22.397575066886134,11.175742134137616,0
39,15,22.464606032416807,11.198298811799782,0
40,15,22.543522012217178,11.198512278997445,0
41,15,22.633375459829512,11.198395196874822,0
42,15,22.73522660994363,11.191077329845756,0
43,15,22.82115922978083,11.185588296166902,0
0,16,18.22811943188049,11.982220566063594,0
1,16,18.35708636381071,11.994905416780037,0
2,16,18.48877581069989,11.998395235284095,0
3,16,18.614919379669267,12.006800066314518,0
4,16,18.73616751606169,11.999398071195767,0
5,16,18.86034472817095,11.996940039080917,0
6,16,18.98679882614109,11.974622050285413,0
7,16,19.117884515959403,11.959380304826665,0
8,16,19.246617239441445,11.944731996410402,0
9,16,19.36566250938581,11.939870765855076,0
10,16,19.490219108316847,11.933973878260746,0
11,16,19.619810021385025,11.934538752663258,0
12,16,19.749402970695424,11.95431024615322,0
13,16,19.868918475869414,11.96185694590679,0
14,16,19.99202347146596,11.971697732511899,0
15,16,20.0964317382325,11.970468755303225,0
16,16,20.210240918905203,11.969873497295355,0
17,16,20.327112590148868,11.958643274269313,0
18,16,20.439758289407536,11.956479471890239,0
19,16,20.54453077569186,11.965714994637864,0
20,16,20.66214069535801,11.974481520358022,0
21,16,20.774753669705984,11.989385517809183,0
22,16,20.889186978746327,12.013934134980405,0
23,16,20.998683285443494,12.041238064624984,0
24,16,21.10091112811184,12.047308898440143,0
25,16,21.21363470181669,12.052834289981535,0
26,16,21.313646845678154,12.046107999535383,0
27,16,21.40496710299188,12.0314741493321,0
28,16,21.502165881031278,12.018693536313965,0
29,16,21.602122531121044,12.012414749212956,0
30,16,21.692401061668853,12.024576279063222,0
31,16,21.789548435115723,12.038355663996034,0
32,16,21.89390994027335,12.065348481374956,0
33,16,21.997703776172646,12.099859223490457,0
34,16,22.107108341190845,12.13189940658837,0
35,16,22.21733302475174,12.149125998352208,0
36,16,22.334480875568513,12.151606096629967,0
37,16,22.44655867168247,12.153338129486835,0
38,16,22.559993569750528,12.149189233780497,0
39,16,22.666323616906705,12.154695177859542,0
40,16,22.76762896455188,12.170387411525851,0
41,16,22.86224269763706,12.204070151868596,0
0,17,10.017783717105264,21.4561767578125,0
1,17,10.132060631875204,21.418250067646404,0
2,17,10.244198278100983,21.35229649599535,0
3,17,10.365460117848148,21.29362935060504,0
4,17,10.492867543300116,21.251161696782535,0
5,17,10.601264446664613,21.212874246621602,0
6,17,10.717900152179256,21.178368513383912,0
7,17,10.835123255743984,21.144566328878216,0
8,17,10.951750416205279,21.12347915468981,0
9,17,11.073738902495922,21.09873364473132,0
10,17,11.176792094083249,21.084099662011543,0
11,17,11.29157462835474,21.055994713426344,0
12,17,11.414162967713095,21.034420562479806,0
13,17,11.541368665214296,21.007866893658804,0
14,17,11.667787114711345,20.987792514708755,0
15,17,11.78816441155679,20.976265405317854,0
16,17,11.908678550481076,20.970142992461213,0
17,17,12.033516447664352,20.965548434589092,0
18,17,12.17176835598761,20.970172278454744,0
19,17,12.305270940697557,20.975876585946985,0
20,17,12.438071754866057,20.97000021889304,0
21,17,12.568130777484912,20.95845416457928,0
22,17,12.700194096598423,20.942416465973835,0
23,17,12.840234997593123,20.91512897275477,0
24,17,12.984547265249631,20.90001806974947,0
25,17,13.129799580037288,20.90656103131979,0
26,17,13.273584233855917,20.91106638268762,0
27,17,13.408576718597509,20.9162968895893,0
28,17,13.555533589933344,20.934759119945063,0
29,17,13.699927892268029,20.947899640660104,0
30,17,13.839753301780128,20.959069876342717,0
31,17,13.983149559311475,20.954281367271104,0
32,17,14.12334919241109,20.937454015662542,0
33,17,14.27549544066858,20.925433823896103,0
34,17,14.433959783481695,20.916922237321582,0
35,17,14.58018266259789,20.911389534320392,0
36,17,14.725226267460783,20.912581313777082,0
37,17,14.885305434899921,20.922372194447636,0
38,17,15.05788842340652,20.937911516100478,0
39,17,15.217420188347033,20.95631154651276,0
40,17,15.364194144537791,20.958083734639956,0
41,17,15.527272448364492,20.95176031414398,0
42,17,15.70001872461661,20.9326166342975,0
43,17,15.860629405695722,20.929337257689575,0
44,17,16.03066116141217,20.929252084359803,0
45,17,16.197507967231896,20.936601812390162,0
46,17,16.362924399773007,20.934199739776602,0
47,17,16.530972029885067,20.945674514423303,0
48,17,16.697989217196525,20.961248897715993,0
49,17,16.86094941360418,20.95784173304725,0
50,17,17.029245000228336,20.94747845651994,0
51,17,17.18914722630676,20.927067555585374,0
52,17,17.3574400861658,20.909576381540795,0
53,17,17.524666814784457,20.90065594569642,0
54,17,17.682589071506392,20.901383524779728,0
55,17,17.843747821509613,20.905108425798282,0
56,17,18.018584331814306,20.9265927425885,0
57,17,18.18905621541547,20.941245570320536,0
58,17,18.349119832450416,20.950775106942498,0
59,17,18.516602035718755,20.94660044026946,0
60,17,18.68796548119087,20.939606665175493,0
61,17,18.85778739356683,20.92596094092923,0
62,17,19.026106969308906,20.938312008912963,0
63,17,19.193895103854807,20.945911557159537,0
64,17,19.361594633106765,20.96647728807791,0
65,17,19.52806378294274,20.990756700463393,0
66,17,19.690688032109225,21.024229446645915,0
67,17,19.859208690867206,21.05305727791052,0
68,17,20.01818228857196,21.066673994297883,0
69,17,20.173145113273,21.066795086127307,0
70,17,20.341091514220942,21.064781819080064,0
71,17,20.50978805320209,21.07435956878714,0
72,17,20.676627129992006,21.087043694790744,0
73,17,20.84090225998432,21.091489609592696,0
74,17,21.014080177720476,21.112410498548222,0
75,17,21.19230204368165,21.13250649330208,0
76,17,21.354138611916497,21.145191351062845,0
77,17,21.517646447692293,21.159140886722025,0
78,17,21.677090172491074,21.15178491923113,0
79,17,21.8492837077279,21.142612034012966,0
80,17,22.02934703932519,21.143166530954698,0
81,17,22.197828812819033,21.16134492144013,0
82,17,22.379331075784908,21.181422888521166,0
83,17,22.55090776757263,21.20393951965948,0
84,17,22.720959226902806,21.227160925398422,0
85,17,22.875964606193254,21.256096402999567,0
33,18,22.360971611156796,8.259830325478001,0
34,18,22.24778474205991,8.210258278104659,0
35,18,22.13817111618559,8.174242490541175,0
36,18,22.0313581573988,8.13902679790001,0
37,18,21.93234288262662,8.108836504836749,0
38,18,21.817470411001906,8.08547204612858,0
39,18,21.67890981822637,8.059168724484504,0
40,18,21.542130160470347,8.034160794948235,0
41,18,21.427880055101326,8.015836316250523,0
42,18,21.315556349807657,8.00554646430756,0
43,18,21.207143072709826,8.007758199027002,0
44,18,21.12144975461047,8.01191312760379,0
45,18,21.028385588432478,8.02284442512045,0
46,18,20.935106432640158,8.034413528874367,0
47,18,20.844114185205953,8.042831543238693,0
48,18,20.75959499070186,8.049390515702802,0
49,18,20.67286125075384,8.05451464210284,0
50,18,20.577596170452754,8.058111838811207,0
51,18,20.471732908083847,8.054419095876241,0
52,18,20.36621240888088,8.045055286323407,0
53,18,20.277118703349334,8.052398043191511,0
54,18,20.185223920556545,8.057323813921075,0
55,18,20.08239105578288,8.065995706684014,0
56,18,19.988019612595725,8.078222468942817,0
57,18,19.889294009988365,8.10044839416566,0
58,18,19.78842383472833,8.112544184364882,0
59,18,19.688408465161434,8.121190562874487,0
60,18,19.604279044949074,8.131707330651258,0
61,18,19.513122153983844,8.133583415875073,0
62,18,19.409935979471793,8.134370925153167,0
63,18,19.30947477795273,8.139565244180075,0
64,18,19.202990429576722,8.140908295866971,0
65,18,19.10933447738415,8.135160954059218,0
66,18,19.015585919792244,8.128927690757122,0
67,18,18.913370926432485,8.145791532447221,0
68,18,18.817562434696463,8.160371929054863,0
69,18,18.705680377093824,8.183492057917663,0
70,18,18.605418446891584,8.198986898521612,0
71,18,18.511167444975058,8.202134221603464,0
72,18,18.40904536970347,8.204595367774504,0
73,18,18.30878553006538,8.205944378859071,0
74,18,18.188859686987307,8.203477674538327,0
75,18,18.069377754197372,8.19098492454912,0
76,18,17.958366710245205,8.194549794218831,0
77,18,17.851844532836783,8.193066457534858,0
78,18,17.744460469867782,8.204947764815442,0
79,18,17.642271094918968,8.219577006999478,0
80,18,17.53181392109744,8.24760853975602,0
81,18,17.408257312100158,8.275161798140143,0
82,18,17.29748583819858,8.295523647883815,0
83,18,17.192536101842457,8.309967256098009,0
84,18,17.08784477595663,8.314572260551216,0
85,18,16.975152999631376,8.318551945503845,0
86,18,16.85673603851546,8.319476904918918,0
87,18,16.73568700697703,8.326545340273269,0
88,18,16.62129549842714,8.338880019749443,0
89,18,16.512062744839,8.372308448129386,0
90,18,16.38949636402917,8.40825845534808,0
91,18,16.261399511949147,8.443624496962205,0
92,18,16.140087037956953,8.474916295172646,0
93,18,16.028790173277226,8.497775732811583,0
94,18,15.915627076848892,8.515296667367792,0
95,18,15.796472218601892,8.518077001236216,0
96,18,15.664958833124317,8.510968966495696,0
97,18,15.531634231257078,8.512741061461945,0
98,18,15.416186999945726,8.510203539878596,0
99,18,15.299409813300997,8.505464881713594,0
67,19,21.42241008563899,14.119904023981281,0
68,19,21.312555993426344,14.109830492591763,0
69,19,21.211770186598535,14.084682010442554,0
70,19,21.109833386562475,14.059721304833149,0
71,19,21.006633141203142,14.041544554956433,0
72,19,20.906417987360992,14.026394574422973,0
73,19,20.808781249361726,14.011300785651784,0
74,19,20.71293906734065,13.992829713772661,0
75,19,20.600751874528182,13.974304748880538,0
76,19,20.488182934831656,13.961957900627,0
77,19,20.369073311222053,13.956175667020362,0
78,19,20.264816142773206,13.952255800190954,0
79,19,20.173052860398354,13.94151317420986,0
80,19,20.080504549941125,13.932643259425452,0
81,19,19.976205307496183,13.918007464118563,0
82,19,19.87188165591881,13.886974783400563,0
83,19,19.772323725362163,13.85413414778075,0
84,19,19.67007745533243,13.833515548505028,0
85,19,19.570698182554644,13.807566740370918,0
86,19,19.473574213839264,13.788432102612322,0
87,19,19.372524887617857,13.772913573247846,0
88,19,19.253885806413628,13.760102626271859,0
89,19,19.13086847993581,13.751365667939654,0
90,19,19.00786417586755,13.748933165645058,0
91,19,18.89529382818678,13.743833299323624,0
92,19,18.789336339506892,13.72206864447284,0
93,19,18.686193722645612,13.709416004185462,0
94,19,18.58435778726425,13.679400169193803,0
95,19,18.47341313953842,13.647497989924062,0
96,19,18.369626045214613,13.612162167561712,0
97,19,18.261497602452703,13.57976499614789,0
98,19,18.1688642754598,13.544759671976664,0
99,19,18.07187587456702,13.520995316658459,0
83,20,9.913520593475878,3.036900529827989,0
84,20,9.979432355709676,3.161205523009193,0
85,20,10.032673588686542,3.302998226960134,0
86,20,10.089594718636754,3.439016709652093,0
87,20,10.160330056662664,3.5863623847021344,0
88,20,10.220242871115085,3.731705096551988,0
89,20,10.271260650059679,3.856779137667778,0
90,20,10.308018340208692,3.9887361853146612,0
91,20,10.353721271045348,4.143190786822562,0
92,20,10.398579619875685,4.288473018468355,0
93,20,10.435685805904768,4.435399180761168,0
94,20,10.478823113553647,4.553730258393198,0
95,20,10.537658611517921,4.672662102310559,0
96,20,10.60821498347481,4.804162535356687,0
97,20,10.692055201332346,4.943579001884414,0
98,20,10.756859813758535,5.061901163295176,0
99,20,10.820891997167184,5.183209845463838,0
0,21,16.166600009851287,22.62297406112939,1
1,21,16.170667672933664,22.485155382919537,1
2,21,16.160427965304812,22.340322146320286,1
3,21,16.14227545486685,22.196830950616235,1
4,21,16.122488795456466,22.04475275340661,1
5,21,16.10357835880026,21.89435794301207,1
6,21,16.08872957316291,21.73252431223372,1
7,21,16.06476964822295,21.57478446839349,1
8,21,16.054762081147725,21.415986756320297,1
9,21,16.034903980688618,21.255240882536153,1
10,21,16.0186925592165,21.092685845298725,1
11,21,15.997278527241269,20.93334613620364,1
12,21,15.978189366370291,20.76455620828566,1
13,21,15.94943859451421,20.60430029284765,1
14,21,15.926883093303948,20.454904694268432,1
15,21,15.901317959234824,20.297449559054293,1
16,21,15.871194742145981,20.131388149517676,1
17,21,15.859657915881671,19.975464642033177,1
18,21,15.825846735437937,19.818510622813786,1
19,21,15.805818343226443,19.66006008041801,1
20,21,15.78588240521925,19.50444123134563,1
21,21,15.75734036489437,19.341899827146523,1
22,21,15.72977152952653,19.187931361518256,1
23,21,15.708280909301685,19.042499466505078,1
24,21,15.687516048808229,18.889271391894383,1
25,21,15.662469666256902,18.739340127783812,1
26,21,15.635542478767704,18.59151300503181,1
27,21,15.606810962970748,18.442686509461094,1
28,21,15.579667714482035,18.303773925016486,1
29,21,15.564008992671708,18.16724094961683,1
30,21,15.535376651682292,18.033019028390083,1
31,21,15.513951511921631,17.895599436309205,1
32,21,15.49264924536665,17.75101982435542,1
33,21,15.459914237099289,17.614103131098393,1
34,21,15.439676836039041,17.47298288757583,1
35,21,15.41801332659265,17.345748443464256,1
36,21,15.383502073185218,17.20747240210646,1
37,21,15.360231917224919,17.07023912644772,1
38,21,15.33128292626428,16.92777634417887,1
39,21,15.30829376887723,16.79077654649777,1
40,21,15.279776598003808,16.65919336546542,1
41,21,15.25137234643614,16.51811386915191,1
42,21,15.229283145412651,16.388485359455604,1
43,21,15.205719513329866,16.261783461124086,1
44,21,15.178140076334927,16.13402965387748,1
45,21,15.153961287256806,16.013311006135186,1
46,21,15.131692675681775,15.892584270219011,1
47,21,15.11136728050996,15.759343051644526,1
48,21,15.085969729014804,15.625961370369906,1
49,21,15.047461844858068,15.506961210787061,1
50,21,15.023730014912761,15.381073536656642,1
51,21,14.993003307886681,15.252142220800755,1
52,21,14.970531624032223,15.123916720801402,1
53,21,14.947812514930758,14.993764099044183,1
54,21,14.915235157234807,14.865767059826098,1
55,21,14.889553688805698,14.736623308722459,1
56,21,14.858552679665015,14.605687379755546,1
57,21,14.83182715963957,14.468190765353967,1
58,21,14.799567299635719,14.31636669255049,1
59,21,14.776256552594878,14.163019093710396,1
60,21,14.747247393336202,14.00375867520448,1
61,21,14.704558223134914,13.83596009729276,1
62,21,14.669664874205992,13.659232192872143,1
63,21,14.638510781772606,13.484200541919376,1
64,21,14.6038932693616,13.302231075725512,1
65,21,14.560466620898552,13.116821780743615,1
66,21,14.532796563237639,12.930789584740712,1
67,21,14.498378986946053,12.735115388184585,1
68,21,14.458163962343777,12.544224887127305,1
69,21,14.426040952044731,12.33233076174659,1
70,21,14.392712312558025,12.117638180920787,1
71,21,14.34848076607034,11.89340882486109,1
72,21,14.322340484644178,11.661134402828898,1
73,21,14.284448060213563,11.43695875948252,1
74,21,14.247019240687337,11.196423954251495,1
75,21,14.213359406249326,10.949976681114293,1
76,21,14.182044513111137,10.711634834183505,1
77,21,14.14335751673584,10.460172200667044,1
78,21,14.10659749691665,10.193500427575527,1
79,21,14.071314443403164,9.926712345082379,1
80,21,14.037301388038307,9.656873014122047,1
81,21,14.002383578306434,9.38149493190527,1
82,21,13.979260927922871,9.101800712695928,1
83,21,13.94880520731214,8.814712851707785,1
84,21,13.913066324384582,8.528839104907567,1
85,21,13.873815195521086,8.233792194873672,1
86,21,13.83915111389543,7.932112652583144,1
87,21,13.803621642863144,7.627096518472323,1
88,21,13.773111718771109,7.321852934949997,1
89,21,13.743430406139883,7.013737787563604,1
90,21,13.708996895430237,6.706857361540613,1
91,21,13.674333995457316,6.3913774665900736,1
92,21,13.64233884924669,6.067439425464094,1
93,21,13.609164336334933,5.744013593542089,1
94,21,13.57576600086212,5.408916233712986,1
95,21,13.549466306180998,5.074168669784373,1
96,21,13.512897718849892,4.751407918078391,1
97,21,13.482941820553469,4.415017021860249,1
98,21,13.4529262133096,4.081532032347936,1
99,21,13.419886177391165,3.750678804369766,1
