frame_id,agent_id,x,y,type_id
0,0,8.005892937388769,11.165206562296817,0
1,0,8.107525847091468,11.166120831510844,0
2,0,8.212164148142097,11.167826684788093,0
3,0,8.336721958361835,11.16426855897358,0
4,0,8.472160145934474,11.149527005362607,0
5,0,8.601772237400274,11.142651806287729,0
6,0,8.718753026688612,11.14899817926104,0
7,0,8.840250441672987,11.157781587296068,0
8,0,8.962605304251108,11.16997636982175,0
9,0,9.08596071622037,11.182949679527233,0
10,0,9.207249046616806,11.194040623110705,0
11,0,9.313991502300391,11.205093848883813,0
12,0,9.429509180014032,11.209083601173047,0
13,0,9.556353515827762,11.199717423715288,0
14,0,9.691956800492575,11.179329991927403,0
15,0,9.81826042300721,11.157769384163933,0
16,0,9.943268603869681,11.147061288284311,0
17,0,10.0651025911105,11.145257351477193,0
18,0,10.18705364807227,11.152089403882288,0
19,0,10.321567560941117,11.153218386439569,0
20,0,10.446712507051812,11.1588247534359,0
21,0,10.566140067795565,11.167482137326122,0
22,0,10.693420019836434,11.174126022110904,0
23,0,10.828253510680346,11.169934159978181,0
24,0,10.9682800298819,11.155551614772591,0
25,0,11.104591661171611,11.138733171469202,0
26,0,11.233788198631878,11.1377741183899,0
27,0,11.379746627776521,11.143487450536105,0
28,0,11.512107065447504,11.160501221366232,0
29,0,11.640937737374362,11.182499851045206,0
30,0,11.771738300755015,11.207083060277142,0
31,0,11.889770842980802,11.231306053678207,0
32,0,12.00931599276368,11.250381703039293,0
33,0,12.139158802340258,11.262273386764782,0
34,0,12.271749074635952,11.277610006001083,0
35,0,12.409352307040106,11.293002498639419,0
36,0,12.528800914408999,11.321451720733902,0
37,0,12.648131703585083,11.342528834571391,0
38,0,12.773844433679264,11.387593859773387,0
39,0,12.900736048568476,11.431707958101926,0
40,0,13.02221270534908,11.474217199865183,0
41,0,13.143069997211635,11.501379864734753,0
42,0,13.269211436040303,11.52197365506905,0
43,0,13.38761591601542,11.526227346507731,0
44,0,13.528247881737279,11.538375543105309,0
45,0,13.64922008540978,11.542289342410898,0
46,0,13.767922889820268,11.55459257405464,0
47,0,13.882888864727585,11.576525707792687,0
48,0,14.012350328595277,11.602240705233532,0
49,0,14.135237825101008,11.639247257871931,0
50,0,14.2583717547567,11.670834983052501,0
51,0,14.373545880050512,11.686161404386318,0
52,0,14.486922761262406,11.696888677962667,0
53,0,14.60878288370613,11.692486910126032,0
54,0,14.73202703365481,11.684166204377401,0
55,0,14.864320918738672,11.67639835261782,0
56,0,14.981229816082665,11.66901308227206,0
57,0,15.100620895288062,11.677142313088154,0
58,0,15.21873127160431,11.684122856829743,0
59,0,15.334434224331034,11.708896629971695,0
60,0,15.455528887621796,11.742899779887315,0
61,0,15.579136418796882,11.761555445230167,0
62,0,15.697717788016762,11.765660470527221,0
63,0,15.810172241066923,11.778583920797352,0
64,0,15.946521276661167,11.779265483267281,0
65,0,16.075773869442116,11.771178205643583,0
66,0,16.198840381780425,11.777782640901238,0
67,0,16.317913228412444,11.799689789204423,0
68,0,16.450174463012615,11.831788494000463,0
69,0,16.577761678204663,11.858164311379598,0
70,0,16.702689212521552,11.88949927757654,0
71,0,16.819619910604256,11.919348871558594,0
72,0,16.934351936831494,11.946424248036662,0
73,0,17.050913484185994,11.955844073581673,0
74,0,17.18599784081267,11.964357953396709,0
75,0,17.32149746585718,11.97747748354974,0
76,0,17.43508939641983,11.989678368342263,0
77,0,17.56321785722775,12.00492573127622,0
78,0,17.681981829643185,12.01983152936841,0
79,0,17.815401313280024,12.0469982399046,0
80,0,17.942877997195176,12.069940433437644,0
81,0,18.061906610701065,12.090207107111402,0
82,0,18.1842271996959,12.09421472912549,0
83,0,18.30508328098326,12.09434384393773,0
84,0,18.434273993031805,12.091259733335345,0
85,0,18.571389782322004,12.089243152426468,0
86,0,18.696459846548354,12.100663020528804,0
87,0,18.81083247297341,12.112643168247352,0
88,0,18.9432721900807,12.131878222927481,0
89,0,19.081718884627875,12.159701527142545,0
90,0,19.21513290745148,12.187783778837431,0
91,0,19.34128485512703,12.215336080043024,0
92,0,19.46786300749197,12.239239661585954,0
93,0,19.599955759078227,12.242181495366152,0
94,0,19.738949357082596,12.250036880254733,0
95,0,19.881922868644676,12.258472833212261,0
96,0,20.015230090503515,12.269545646112542,0
97,0,20.13484696928922,12.290458323548766,0
98,0,20.26256843657522,12.309209951901531,0
99,0,20.397304908731183,12.34152899468389,0
100,0,20.52642838960909,12.368012852014452,0
101,0,20.651250516416003,12.384899768794874,0
102,0,20.782728033723995,12.39583873892405,0
103,0,20.917389776759464,12.399303530477981,0
104,0,21.043287247369143,12.384081332918127,0
105,0,21.174215584886287,12.375470729974948,0
106,0,21.308949803819903,12.379447590145524,0
107,0,21.437300409115377,12.390878139077504,0
108,0,21.560803639157456,12.410986793102524,0
109,0,21.695584993773906,12.443151510828601,0
110,0,21.83146325528516,12.467530505937356,0
111,0,21.95845783876282,12.475057214957241,0
112,0,22.081228033571016,12.480140676812553,0
0,1,8.325180488525026,12.124763182502624,0
1,1,8.454311778267254,12.086620323106544,0
2,1,8.578982775801272,12.067153056132184,0
3,1,8.713924186480897,12.051358960690028,0
4,1,8.839294259536077,12.041083967489792,0
5,1,8.978504509500619,12.055653282032159,0
6,1,9.108832982567343,12.066654550401374,0
7,1,9.24253484704297,12.071809037594283,0
8,1,9.37201676622826,12.07383270298151,0
9,1,9.498275441007067,12.071036096422276,0
10,1,9.632111059363917,12.057985729785537,0
11,1,9.778347695455766,12.03045706653595,0
12,1,9.919505534961644,11.997738875678055,0
13,1,10.05297161000841,11.977969696028197,0
14,1,10.184435024911584,11.963213471795795,0
15,1,10.312817696459488,11.961634546544502,0
16,1,10.467403255009957,11.960352126906844,0
17,1,10.633127460044088,11.973525120829862,0
18,1,10.798828609586526,11.976476645764272,0
19,1,10.943329554783638,11.965510314520744,0
20,1,11.095656610519317,11.949478306896943,0
21,1,11.235037857696227,11.939622615926982,0
22,1,11.379778470988658,11.925884972845221,0
23,1,11.523254919336068,11.919478176906132,0
24,1,11.664037864844635,11.91821521385657,0
25,1,11.802764270284607,11.928491539178395,0
26,1,11.950262580277734,11.956503122019098,0
27,1,12.097868871052032,11.98445505795477,0
28,1,12.222410580068162,12.00621206673531,0
29,1,12.353746044664765,12.007665590986534,0
30,1,12.49086695885613,12.004386975743689,0
31,1,12.631837681179482,11.99834070430273,0
32,1,12.77569496729477,11.975499580366058,0
33,1,12.917790682166657,11.966353853908368,0
34,1,13.051111790589257,11.949720787481136,0
35,1,13.191506865085621,11.95234018999991,0
36,1,13.3482365169118,11.97754058556126,0
37,1,13.495613351923131,12.008505945699389,0
38,1,13.636554500770766,12.02315297744897,0
39,1,13.773689665265687,12.036792890118118,0
40,1,13.911652904072279,12.037551651573382,0
41,1,14.06278929752166,12.03125834705549,0
42,1,14.212309568094794,12.023986042378446,0
43,1,14.359675355608651,12.017294063596193,0
44,1,14.496566669084745,12.016520081406979,0
45,1,14.63427426773396,12.033914482510664,0
46,1,14.778549971111715,12.057629143362485,0
47,1,14.921370917131455,12.081091203876598,0
48,1,15.055749009630349,12.092439968624705,0
49,1,15.185206047271915,12.10336762390251,0
50,1,15.315522356075379,12.110019021475845,0
51,1,15.451233209484792,12.106085601358687,0
52,1,15.602100438088849,12.090516106104985,0
53,1,15.727312799491735,12.085627770665457,0
54,1,15.858964670776489,12.082563596864967,0
55,1,15.99561674015493,12.095232452112947,0
56,1,16.1359538789889,12.115290170938435,0
57,1,16.281220929483247,12.146522393467073,0
58,1,16.41080414139258,12.169718355413593,0
59,1,16.54561827115584,12.176055829510883,0
60,1,16.666905934460676,12.180500975038846,0
61,1,16.799858580609342,12.174333599541713,0
62,1,16.935238975650694,12.14279840782906,0
63,1,17.068342542129248,12.121555571789731,0
64,1,17.19869886046955,12.111295081198437,0
65,1,17.329483783732382,12.10910177237333,0
66,1,17.467507717979938,12.118588487363017,0
67,1,17.604731335214836,12.133793618338968,0
68,1,17.737142150967767,12.149198073328527,0
69,1,17.86043152951873,12.153819523427357,0
70,1,17.981921361911148,12.162406152248806,0
71,1,18.11016051137221,12.16799127116342,0
72,1,18.248903484255482,12.157079126726783,0
73,1,18.385040292397534,12.148056003353188,0
74,1,18.51909603825387,12.141044494164726,0
75,1,18.652912681477844,12.148910068605225,0
76,1,18.777176183725278,12.160631344881148,0
77,1,18.914440480698346,12.187172642131115,0
78,1,19.047896207180454,12.217200497629099,0
79,1,19.183747176799905,12.230730484401517,0
80,1,19.31937608458496,12.2426433113959,0
81,1,19.45235061258927,12.242595452331317,0
82,1,19.58846605123352,12.227282148120782,0
83,1,19.72096532002601,12.221137429942681,0
84,1,19.854838009454596,12.206916005659503,0
85,1,19.98408515777843,12.206743914390536,0
86,1,20.1116305854947,12.208167277731702,0
87,1,20.2529430195684,12.218321072015994,0
88,1,20.399509243657374,12.245956357116189,0
89,1,20.555146171597343,12.261103735829234,0
90,1,20.691608384383397,12.272724918748342,0
91,1,20.822237541567358,12.26842087545631,0
92,1,20.96041070980944,12.24481498571604,0
93,1,21.10804410228157,12.216191068909813,0
94,1,21.25082004426193,12.192868213984005,0
95,1,21.391471352208093,12.181651597902555,0
96,1,21.52494530829295,12.171409613266544,0
97,1,21.673589516056484,12.171577625975209,0
98,1,21.81474051001196,12.17587942138698,0
99,1,21.959110043621067,12.177424222820584,0
100,1,22.102038364239615,12.169840497031936,0
0,2,8.395901299979755,12.620727624338345,0
1,2,8.511511985948642,12.612487820862501,0
2,2,8.630433565187108,12.605426216711505,0
3,2,8.757272922195193,12.596726789920172,0
4,2,8.8954186390843,12.60302622439556,0
5,2,9.029672347987606,12.618758833311176,0
6,2,9.158905888002225,12.626138381462583,0
7,2,9.281243930227463,12.625182638673508,0
8,2,9.396887670458884,12.60864107649094,0
9,2,9.522682697934155,12.59538247973541,0
10,2,9.643225149109707,12.569468642508623,0
11,2,9.773632268053376,12.55665538507043,0
12,2,9.894781980961792,12.5465624585718,0
13,2,10.020349272561171,12.542290588562599,0
14,2,10.145415175918103,12.552422467173951,0
15,2,10.278755407886658,12.567813207089081,0
16,2,10.42883375605775,12.594820430932138,0
17,2,10.578372731590743,12.608003967473536,0
18,2,10.722934935615687,12.614002844983474,0
19,2,10.873708376221247,12.616100569298188,0
20,2,11.021778185353632,12.596898196118659,0
21,2,11.17875812048321,12.578176881881458,0
22,2,11.315034909265535,12.566937082419914,0
23,2,11.454046707748027,12.563297375738683,0
24,2,11.599474869204144,12.561878891726932,0
25,2,11.757051372532548,12.569039595036907,0
26,2,11.904763595136467,12.577536234226402,0
27,2,12.041997223153814,12.57270924814927,0
28,2,12.180528628363081,12.565919174175322,0
29,2,12.329992431527405,12.555042849094924,0
30,2,12.4732303608018,12.521164531161775,0
31,2,12.61667192888427,12.503218415824547,0
32,2,12.763552128755812,12.483850893035168,0
33,2,12.906224037186604,12.480822217006317,0
34,2,13.04735866148209,12.49077844467455,0
35,2,13.19070128174109,12.51456825548092,0
36,2,13.32613766530958,12.537069552599714,0
37,2,13.458728376352399,12.55286981180724,0
38,2,13.595188172477537,12.567350018848254,0
39,2,13.73985837734716,12.572435479828863,0
40,2,13.880767289222153,12.579669286884572,0
41,2,14.011869346588908,12.58195149825902,0
42,2,14.148922498861669,12.589997477497624,0
43,2,14.278456572375902,12.614149526683951,0
44,2,14.419277315979802,12.652426923823679,0
45,2,14.562578881854096,12.695118169911565,0
46,2,14.695100791715015,12.728106900483626,0
47,2,14.83177060353851,12.75458937513035,0
48,2,14.97083103831713,12.768905782466945,0
49,2,15.114596378737433,12.776417631714178,0
50,2,15.25350761879152,12.786012291565138,0
51,2,15.403975484170111,12.78967535480445,0
52,2,15.536187795990152,12.801903254509334,0
53,2,15.660632496654806,12.833607556636515,0
54,2,15.799348360165855,12.87550621009337,0
55,2,15.942515681042268,12.917309140120178,0
56,2,16.072771847681512,12.945713472623277,0
57,2,16.203121336537492,12.977569566522126,0
58,2,16.348705638250415,13.00389024852448,0
59,2,16.493280662507434,13.031029053644263,0
60,2,16.648620099307195,13.044781070921852,0
61,2,16.78359573877796,13.065320286932842,0
62,2,16.916518689868045,13.078370363291988,0
63,2,17.057798122976337,13.098325630899579,0
64,2,17.200735827523893,13.124110455536533,0
65,2,17.343871298357023,13.160846313866271,0
66,2,17.484244444525014,13.181048120513672,0
67,2,17.617525787510083,13.203247489496894,0
68,2,17.762887531551158,13.210400163682316,0
69,2,17.90890316619364,13.20589029253742,0
70,2,18.067560640199982,13.199858529009784,0
71,2,18.20579206368333,13.199403757089165,0
72,2,18.348796653858066,13.205709914116671,0
73,2,18.48718784442739,13.200364679734884,0
74,2,18.633740066474243,13.208233363802766,0
75,2,18.783100448805218,13.210254406615272,0
76,2,18.920330484068547,13.205189964921846,0
77,2,19.06181497925066,13.183437607984162,0
78,2,19.197665318847744,13.153342588540232,0
79,2,19.344321420931596,13.113386840458183,0
80,2,19.48500404427193,13.079169775145882,0
81,2,19.632351587565086,13.055347486278569,0
82,2,19.778073355446693,13.048524218130563,0
83,2,19.91317872973711,13.044746222976299,0
84,2,20.065518624230616,13.043884000860261,0
85,2,20.209873928635094,13.028022715760653,0
86,2,20.348499076234503,13.009804011260083,0
87,2,20.50470425307018,12.983252167348525,0
88,2,20.65199683799254,12.935378240699565,0
89,2,20.793938841987863,12.88889926034337,0
90,2,20.93603554030911,12.85676627915385,0
91,2,21.07016443423725,12.827961982873969,0
92,2,21.20442224521091,12.814412394427405,0
93,2,21.330531937774026,12.801478597341747,0
94,2,21.465444640526965,12.793994413941556,0
95,2,21.593640212162555,12.786425518268883,0
96,2,21.72044930150959,12.774610228997428,0
97,2,21.85497580673562,12.746451707943738,0
98,2,21.98919718859714,12.717024840424104,0
99,2,22.129738354569653,12.693414444927784,0
0,3,9.603188240060687,12.159408514302235,0
1,3,9.742986727419428,12.193129606773097,0
2,3,9.891761089939216,12.219038585767054,0
3,3,10.045920831668429,12.241661094064387,0
4,3,10.214951742046644,12.26651085148225,0
5,3,10.405642268070789,12.27809381426625,0
6,3,10.588163141057747,12.292778680540014,0
7,3,10.727384512525123,12.316667889552502,0
8,3,10.883199836519784,12.340241315802192,0
9,3,11.054519258407982,12.362872854152448,0
10,3,11.224201527044634,12.379531246098825,0
11,3,11.383128427479,12.395113539675439,0
12,3,11.544786938967073,12.404587398795735,0
13,3,11.695148096594487,12.421253620137922,0
14,3,11.857979956995383,12.423905249045935,0
15,3,12.02513937441433,12.408118664782446,0
16,3,12.184322044825816,12.39563297174725,0
17,3,12.335513345010028,12.389276451257034,0
18,3,12.479109666554821,12.38450590595245,0
19,3,12.63508921242206,12.391737271530122,0
20,3,12.793187188620742,12.404266846299505,0
21,3,12.949295830767834,12.426974283257344,0
22,3,13.112436641965527,12.43579900638693,0
23,3,13.276616188007182,12.449219386391446,0
24,3,13.433193612231353,12.459633444147787,0
25,3,13.587572454826578,12.452929179277408,0
26,3,13.74026726485562,12.434283257363996,0
27,3,13.889696446842962,12.422584759279482,0
28,3,14.031883414570848,12.412333641835785,0
29,3,14.175186388293616,12.417368903050857,0
30,3,14.338676060417846,12.412358030603453,0
31,3,14.500190348118057,12.421619313149929,0
32,3,14.655660421619153,12.426796527720333,0
33,3,14.8065148509601,12.43287343861902,0
34,3,14.96132837729164,12.429457670605567,0
35,3,15.112611303359978,12.418050266551209,0
36,3,15.26799204191508,12.390944979039523,0
37,3,15.40618976424734,12.37742573410006,0
38,3,15.541990244313427,12.371419251101216,0
39,3,15.666434252202768,12.364686835275982,0
40,3,15.815345966663712,12.360669693707182,0
41,3,15.975392665014013,12.366243056633964,0
42,3,16.12310610926524,12.373544306750546,0
43,3,16.259026362950696,12.37712718741129,0
44,3,16.412793332555644,12.374889055133746,0
45,3,16.57184572912083,12.366926282447455,0
46,3,16.73413393080418,12.339534129244198,0
47,3,16.899360684020998,12.312746854668914,0
48,3,17.045722755164626,12.283926452381928,0
49,3,17.183187965711834,12.272069447792619,0
50,3,17.32062149840472,12.255407507790085,0
51,3,17.466954851384457,12.244610820874886,0
52,3,17.60724916324059,12.245464399096763,0
53,3,17.752124846040665,12.23957119720224,0
54,3,17.893958065774516,12.234785737998905,0
55,3,18.03659367825757,12.224442884624503,0
56,3,18.175447264050472,12.205462927818266,0
57,3,18.323531934626022,12.172816695727926,0
58,3,18.463996534453674,12.126667043555285,0
59,3,18.594615073350734,12.105467642707245,0
60,3,18.715425788510867,12.077731163335985,0
61,3,18.837570779379824,12.063124073785463,0
62,3,18.960146722455537,12.072830336980179,0
63,3,19.090009563101543,12.08014684004661,0
64,3,19.219537729464193,12.087134880563319,0
65,3,19.352002892058213,12.073712258711074,0
66,3,19.489666615332133,12.06735938933508,0
67,3,19.624237486342192,12.052438825281744,0
68,3,19.761984148087734,12.022723020206502,0
69,3,19.899742394865733,11.99841430859492,0
70,3,20.02565587168121,11.965380338697036,0
71,3,20.151111453497155,11.954110667497206,0
72,3,20.28275108613107,11.942089852262956,0
73,3,20.42792620971428,11.94349256738087,0
74,3,20.573102798018514,11.948317961034684,0
75,3,20.714789870980965,11.946907377335911,0
76,3,20.86887417616406,11.951226248124582,0
77,3,21.016613658628287,11.944290617530148,0
78,3,21.166777481772826,11.9141278585679,0
79,3,21.322634709635025,11.891898097518768,0
80,3,21.46461016979874,11.878009006366813,0
81,3,21.591294620521186,11.870587295102567,0
82,3,21.717772358033034,11.856068796117642,0
83,3,21.874423484754438,11.863989819752655,0
84,3,22.028556195765457,11.894173061928164,0
85,3,22.164675573655124,11.899005736757502,0
0,4,10.0648703042874,11.164909698272265,0
1,4,10.158027091980706,11.154053736522958,0
2,4,10.263662636156546,11.136917873067931,0
3,4,10.350692759634416,11.112352854241342,0
4,4,10.441411793410076,11.080854291756904,0
5,4,10.538600633117527,11.075527841307945,0
6,4,10.625279349912198,11.065299268880947,0
7,4,10.728112425918898,11.064710056080253,0
8,4,10.850289870677612,11.066676481602384,0
9,4,10.97644405425871,11.064625451641596,0
10,4,11.084719595397997,11.052856741114004,0
11,4,11.189156969024037,11.042846681032511,0
12,4,11.296834127434952,11.048780702226574,0
13,4,11.408733427928137,11.048161629249165,0
14,4,11.529576910836317,11.044950817062336,0
15,4,11.640149795883891,11.036668141086329,0
16,4,11.74919711722813,11.026240087691626,0
17,4,11.861148408171768,11.025136207750998,0
18,4,11.972101242222216,11.027830657809634,0
19,4,12.088287768074979,11.035681392166115,0
20,4,12.207323687125353,11.03977094196639,0
21,4,12.314177337332481,11.052431925834664,0
22,4,12.42416846969607,11.056032651286626,0
23,4,12.540497512141439,11.064926247448382,0
24,4,12.646501913054747,11.065461846435774,0
25,4,12.763729984555457,11.079050069433167,0
26,4,12.869539352223944,11.087464258113306,0
27,4,12.983450956267506,11.092280131691584,0
28,4,13.09180242672022,11.110040371470964,0
29,4,13.211727108074948,11.129238566086983,0
30,4,13.31519121995839,11.149158822334511,0
31,4,13.425766555138862,11.166446027461841,0
32,4,13.532575159225523,11.18634418816503,0
33,4,13.632875338085693,11.204711338076505,0
34,4,13.740217192795273,11.21589633357833,0
35,4,13.851679063115744,11.223630420143751,0
36,4,13.957631310555277,11.220401036753756,0
37,4,14.070448829327852,11.220536913664152,0
38,4,14.178446107472418,11.222486277920549,0
39,4,14.301414722953647,11.23189432840523,0
40,4,14.417179032280691,11.236421239705258,0
41,4,14.520323373369893,11.247974674169336,0
42,4,14.634281294647007,11.255094204843763,0
43,4,14.734758376491351,11.263211376450972,0
44,4,14.839825699977458,11.262371484923692,0
45,4,14.952899635474939,11.260510071923655,0
46,4,15.06796599631043,11.254353194752285,0
47,4,15.176851019325973,11.258328153206174,0
48,4,15.279717614882387,11.256366071241757,0
49,4,15.397920975319153,11.278296603323522,0
50,4,15.51116521878305,11.288680091215594,0
51,4,15.631007781978928,11.29514205188764,0
52,4,15.743186715141409,11.312043081677796,0
53,4,15.843980519249083,11.313089028627273,0
54,4,15.958975539622665,11.321381720067228,0
55,4,16.075046631623188,11.321261117045289,0
56,4,16.187605801158,11.323420639717293,0
57,4,16.290907131304877,11.323862724575863,0
58,4,16.391523955270163,11.310865864601151,0
59,4,16.498602704839683,11.305173973820558,0
60,4,16.609147235292717,11.297660229607454,0
61,4,16.73504966158252,11.31142187205915,0
62,4,16.849031972867984,11.320792560951217,0
63,4,16.956851997358264,11.309524587526578,0
64,4,17.06470733319991,11.310880635877117,0
65,4,17.17880242729415,11.319106188888172,0
66,4,17.30521877295935,11.3111906376217,0
67,4,17.42574908773471,11.301202936187622,0
68,4,17.534669911563803,11.302460061924007,0
69,4,17.64136352418453,11.31089808872297,0
70,4,17.748390992575725,11.31614226056736,0
71,4,17.862349667573586,11.343515436465871,0
72,4,17.988964715366105,11.358886465469922,0
73,4,18.103632745310556,11.371696481110966,0
74,4,18.20675299145906,11.379263407868805,0
75,4,18.302757932184143,11.387495877205884,0
76,4,18.40794830995982,11.391752777017834,0
77,4,18.521413486083777,11.392085341414344,0
78,4,18.639680261189362,11.387495222062773,0
79,4,18.749473760467737,11.38247775236092,0
80,4,18.858241159061045,11.393039887047236,0
81,4,18.966582727540008,11.405773797031403,0
82,4,19.08409333546336,11.426800595744126,0
83,4,19.200429530266806,11.444394473689368,0
84,4,19.308349428609514,11.463152048720426,0
85,4,19.407404739844225,11.480342654181506,0
86,4,19.521945789720846,11.502666401906918,0
87,4,19.645370682058115,11.516632063776079,0
88,4,19.761021915911165,11.524809752173036,0
89,4,19.88329142595005,11.536657596474727,0
90,4,19.989846010608538,11.544529962155513,0
91,4,20.093327401412424,11.55333496757336,0
92,4,20.20328462247464,11.555474503151794,0
93,4,20.323325712001978,11.568842732304656,0
94,4,20.428880635932657,11.585764627991264,0
95,4,20.525530998466355,11.5889055414982,0
96,4,20.62752746220528,11.593509965162529,0
97,4,20.7260519428741,11.588058227448766,0
98,4,20.831492884237207,11.5793069669568,0
99,4,20.928567624552187,11.567318962828198,0
100,4,21.023317412142816,11.551460906707291,0
101,4,21.116546456361334,11.550905802312325,0
102,4,21.213830409419113,11.54518162046308,0
103,4,21.31481497114755,11.557451112788316,0
104,4,21.425113709230548,11.566000758818154,0
105,4,21.52141742532522,11.574485640223942,0
106,4,21.612223085685507,11.583735300081102,0
107,4,21.701181452731834,11.5837668680325,0
108,4,21.794743097259794,11.586677172390193,0
109,4,21.891342803544656,11.589701013327138,0
110,4,21.9931203792578,11.58178677863587,0
111,4,22.07974255984862,11.587082973056194,0
112,4,22.157949807287633,11.5865528816701,0
0,5,9.35415291026741,10.065067491340203,0
1,5,9.478483685475496,10.060073092650558,0
2,5,9.598465168945776,10.047033766670408,0
3,5,9.72439583959319,10.044665319177373,0
4,5,9.838680921538337,10.038431059780553,0
5,5,9.951290870254386,10.0449789804327,0
6,5,10.062989127834879,10.075718583506307,0
7,5,10.187307804292583,10.12113224498413,0
8,5,10.31592609636332,10.169177327782661,0
9,5,10.418535332460657,10.207817711420716,0
10,5,10.532352819358469,10.239176164578415,0
11,5,10.649590129461947,10.261968102488636,0
12,5,10.769842868722916,10.266135560726775,0
13,5,10.88645013922767,10.24752563389449,0
14,5,10.998609887414462,10.226804326194916,0
15,5,11.104885974960403,10.232800414761723,0
16,5,11.206207609221332,10.236376905179172,0
17,5,11.322923325180593,10.24930492356029,0
18,5,11.44638757847795,10.277335624331375,0
19,5,11.564403685951845,10.314322192980471,0
20,5,11.672280982031362,10.358831361341606,0
21,5,11.776849627618276,10.37956746017769,0
22,5,11.87232745906724,10.399021507837476,0
23,5,11.97862648821226,10.397132984020855,0
24,5,12.086981823379237,10.3884639119728,0
25,5,12.189320501244444,10.388323199019963,0
26,5,12.281952354106107,10.399075019145144,0
27,5,12.385133223332046,10.42169773642076,0
28,5,12.47176844418265,10.445423083154923,0
29,5,12.575652319087066,10.484586300440265,0
30,5,12.679454491264055,10.518955477570628,0
31,5,12.782317312969385,10.548308858755329,0
32,5,12.895211284796025,10.575466244144977,0
33,5,13.022926345726217,10.587467400862478,0
34,5,13.13794409966449,10.586647958462983,0
35,5,13.24842854557293,10.581466015964947,0
36,5,13.347073759906456,10.580330439809899,0
37,5,13.452886447349721,10.59138564888494,0
38,5,13.55373365596911,10.619785836119764,0
39,5,13.667783009501429,10.652603834671554,0
40,5,13.78433632080443,10.681329729235667,0
41,5,13.909968366506975,10.699326362119956,0
42,5,14.03101054299067,10.703077985831051,0
43,5,14.169760623974083,10.704506228141886,0
44,5,14.302131285032763,10.686790540480928,0
45,5,14.440587301264703,10.674353386223522,0
46,5,14.585925242274442,10.669924212804498,0
47,5,14.736419914287685,10.673395021662046,0
48,5,14.867843069171663,10.68289119895893,0
49,5,14.992535982377571,10.697611689941231,0
50,5,15.112816457514468,10.706329856426617,0
51,5,15.23354304446065,10.716114030338384,0
52,5,15.347066934093418,10.706377108490141,0
53,5,15.45510453863406,10.674503436147125,0
54,5,15.565623594216364,10.63927688756755,0
55,5,15.675670224287625,10.606021717867613,0
56,5,15.791460744015763,10.58060487287322,0
57,5,15.909014806602348,10.574927527629825,0
58,5,16.03705379058398,10.572235785712753,0
59,5,16.16983325992918,10.57522012851158,0
60,5,16.293536939303692,10.56952402898355,0
61,5,16.417399990122952,10.553169966185282,0
62,5,16.545324944974393,10.516503976595626,0
63,5,16.67537253899473,10.468794140990854,0
64,5,16.80225842983572,10.435131084202556,0
65,5,16.921298566610414,10.411490058517364,0
66,5,17.036565909676167,10.396107883341434,0
67,5,17.165110987043764,10.400298453699579,0
68,5,17.29016449506505,10.412658611692025,0
69,5,17.418586153345853,10.405338710583528,0
70,5,17.53524977036242,10.4039471530267,0
71,5,17.662882369425237,10.39070579078253,0
72,5,17.78963359205986,10.364216789812485,0
73,5,17.91162136974514,10.320565030519198,0
74,5,18.021019005200515,10.301868066968364,0
75,5,18.13268599326025,10.288114449485755,0
76,5,18.248907113291366,10.286652678830494,0
77,5,18.36342554315834,10.30151204214925,0
78,5,18.472453632653327,10.314225155154325,0
79,5,18.585000309870498,10.3172648013782,0
80,5,18.69832520671383,10.315444519630686,0
81,5,18.80819338878145,10.298001860144163,0
82,5,18.92749898318451,10.272094717479993,0
83,5,19.044881265570965,10.260607010872302,0
84,5,19.158797446569164,10.266829503398402,0
85,5,19.28504647711852,10.277257347732064,0
86,5,19.413785257640043,10.29949123330123,0
87,5,19.543956687776113,10.338724191751503,0
88,5,19.672520260193515,10.370143282643655,0
89,5,19.802304828583676,10.390582012919996,0
90,5,19.934737984769047,10.403064897432554,0
91,5,20.05981637597894,10.39379037110561,0
92,5,20.19469083057613,10.38276284952021,0
93,5,20.31655272457937,10.38163324834271,0
94,5,20.431939382596838,10.387753964019868,0
95,5,20.540919333875113,10.41368048096688,0
96,5,20.644260998408527,10.455464248088623,0
97,5,20.754163905583614,10.494937975315615,0
98,5,20.87049926289504,10.518653218722466,0
99,5,20.98257223049317,10.530293719023021,0
100,5,21.114433356522174,10.53889324543465,0
101,5,21.249460413998886,10.533670961268088,0
102,5,21.37968093727422,10.535340781273907,0
103,5,21.50141435661667,10.546291294811525,0
104,5,21.617031284126256,10.562661365429465,0
105,5,21.72582785552243,10.59628875298945,0
106,5,21.835318018691986,10.642016115494817,0
107,5,21.943545335701472,10.69725932646145,0
108,5,22.06524075997353,10.73466040511709,0
0,6,14.218785672533198,11.34296527317334,0
1,6,14.367130802700565,11.368010984790917,0
2,6,14.51415261389856,11.39070270094986,0
3,6,14.659493155221732,11.404055307625926,0
4,6,14.801239423646987,11.415063805312768,0
5,6,14.942028381220512,11.435634297311289,0
6,6,15.079346645680937,11.470492070211979,0
7,6,15.212179610243476,11.512751688389127,0
8,6,15.344945297059754,11.546458357510353,0
9,6,15.479904151180296,11.55874077692147,0
10,6,15.61252379882013,11.584677920123418,0
11,6,15.751859008866452,11.598390489586539,0
12,6,15.894529871492301,11.602298968887933,0
13,6,16.03016086693806,11.602046122847712,0
14,6,16.16849957399594,11.606768997888988,0
15,6,16.303049590578027,11.613924055372904,0
16,6,16.44529917013381,11.61943264414807,0
17,6,16.602966352324806,11.636008267493715,0
18,6,16.747693831783103,11.64282997769294,0
19,6,16.887197297431495,11.642202373829404,0
20,6,17.02876381742148,11.62184127555821,0
21,6,17.17507937618461,11.60094190717408,0
22,6,17.31725759254851,11.564336244254951,0
23,6,17.4650376544249,11.526184413493135,0
24,6,17.60810314077703,11.481287291037203,0
25,6,17.746124114041987,11.458118827623231,0
26,6,17.89132141683669,11.443855903208512,0
27,6,18.036435039625523,11.425842967584963,0
28,6,18.18097905119923,11.418555101160107,0
29,6,18.333439129685225,11.400045590856578,0
30,6,18.46940451741159,11.369529808254738,0
31,6,18.61278475956259,11.346583592203668,0
32,6,18.751114754878216,11.30131620917979,0
33,6,18.883224333674356,11.254456719776591,0
34,6,19.017771441656077,11.223475437404225,0
35,6,19.140184886359727,11.199849844155432,0
36,6,19.273153702387443,11.188913710521408,0
37,6,19.403651862105725,11.190677028228773,0
38,6,19.540832623601776,11.19018614167603,0
39,6,19.673030802263884,11.18612714413529,0
40,6,19.81175752244852,11.174967831970605,0
41,6,19.940913471548065,11.171359452675112,0
42,6,20.07136119316954,11.152517158743562,0
43,6,20.218823430392582,11.127957888024644,0
44,6,20.353183033524395,11.108238931692938,0
45,6,20.492146025555467,11.101334573571606,0
46,6,20.614820210904426,11.096503479307467,0
47,6,20.738972963921437,11.096857579149821,0
48,6,20.870654317969223,11.100752240535014,0
49,6,21.005888986160613,11.109053074426477,0
50,6,21.138412366516945,11.110445845175342,0
51,6,21.261625990013567,11.10508204084728,0
52,6,21.386863830575237,11.100976295847795,0
53,6,21.5266411177584,11.080104520830929,0
54,6,21.65908326237824,11.054840389059395,0
55,6,21.798856892669214,11.022137305218457,0
56,6,21.921389217226135,11.0182571953423,0
57,6,22.054740484353793,11.007637186591072,0
0,7,20.396031972379166,11.165870714293352,0
1,7,20.52022512038396,11.16362357847642,0
2,7,20.663991987777717,11.159322544165066,0
3,7,20.815626243945548,11.163325962458925,0
4,7,20.94817736951601,11.185842747720521,0
5,7,21.073932567998497,11.20181375396361,0
6,7,21.198097226135427,11.219739269042812,0
7,7,21.32198538952708,11.222815756858123,0
8,7,21.43563868377181,11.222830915650226,0
9,7,21.549272851189524,11.226452501929888,0
10,7,21.65040889795139,11.233743084704516,0
11,7,21.77088172855141,11.237283276958674,0
12,7,21.907175700617728,11.243100376097209,0
13,7,22.039699724491136,11.256879585330378,0
14,7,22.16357457238423,11.263658471972098,0
0,8,20.32509663874611,11.840272103791616,0
1,8,20.446746610224054,11.863401147428267,0
2,8,20.562090919321758,11.88168134750742,0
3,8,20.69644655626065,11.904215250274463,0
4,8,20.82423647631474,11.923246473408025,0
5,8,20.94628692239904,11.933550804065062,0
6,8,21.0637189321309,11.904021007638356,0
7,8,21.191084218144226,11.883074507849976,0
8,8,21.31322055847833,11.879870624298206,0
9,8,21.437533421859584,11.883663108532764,0
10,8,21.550788404859354,11.885248906063422,0
11,8,21.667158875065113,11.903576062913489,0
12,8,21.800046889331377,11.921838230964443,0
13,8,21.932285016445586,11.936634229041237,0
14,8,22.055689761824578,11.941192758216724,0
15,8,22.167235774082517,11.956370001564865,0
21,9,4.602819058755334,11.46187848815982,0
22,9,4.724913513073595,11.47374306547705,0
23,9,4.8493417076767455,11.486822606045038,0
24,9,4.972533136973257,11.480646935299642,0
25,9,5.095118470090522,11.46649068563762,0
26,9,5.224866525300409,11.446631492423855,0
27,9,5.353168607351577,11.420645826895552,0
28,9,5.467748406327084,11.409622170807184,0
29,9,5.592448833169827,11.419934544733865,0
30,9,5.721233504620298,11.441885995350987,0
31,9,5.849993491542265,11.466929239112154,0
32,9,5.973758384126305,11.478818144921988,0
33,9,6.090730411131223,11.482775437407383,0
34,9,6.203010296804195,11.47982631439622,0
35,9,6.325585404486584,11.470206064938102,0
36,9,6.443151149858175,11.45276730103097,0
37,9,6.557009053112153,11.446871896287297,0
38,9,6.662681465271385,11.440781648812225,0
39,9,6.773956398044306,11.451962477025852,0
40,9,6.887851275863595,11.485130463987096,0
41,9,6.999155606933969,11.519474336659002,0
42,9,7.113471931879197,11.547555698466729,0
43,9,7.226633151603453,11.565342382346522,0
44,9,7.341105872350755,11.572298699321596,0
45,9,7.454962572976797,11.578704386106939,0
46,9,7.558683019689024,11.572267280330047,0
47,9,7.667578644497505,11.576087268319876,0
48,9,7.763864243319883,11.592853027523262,0
49,9,7.866964775881017,11.627773937529245,0
50,9,7.9666308394219545,11.682877540849365,0
51,9,8.07472151263159,11.738851165193996,0
52,9,8.173168230393747,11.793381080303863,0
53,9,8.272754801927245,11.838698808452842,0
54,9,8.372645973843476,11.881300121761889,0
55,9,8.486850147284942,11.913601544010577,0
56,9,8.605172711976182,11.93719706865008,0
57,9,8.722973420721873,11.97111376426909,0
58,9,8.827624767010438,12.007281099721254,0
59,9,8.93974932970331,12.056655559939902,0
60,9,9.05555295043802,12.1171166996011,0
61,9,9.165835833408913,12.196837682178774,0
62,9,9.269755205509362,12.262069002407841,0
63,9,9.38069055330188,12.31362098777172,0
64,9,9.482300718166922,12.355271489104023,0
65,9,9.602843468803973,12.383415949738705,0
66,9,9.726729534697304,12.397304688007104,0
67,9,9.844112675756556,12.432945782869112,0
68,9,9.955914808407735,12.470856881033042,0
69,9,10.059716722972963,12.507271411617971,0
70,9,10.175881843779251,12.562154588228541,0
71,9,10.306689180649848,12.628351510397907,0
72,9,10.448074396603621,12.699961893081683,0
73,9,10.583041840418156,12.76057040611362,0
74,9,10.7220137871267,12.811183557789649,0
75,9,10.859968074086558,12.84144959166095,0
76,9,11.01188273125161,12.851920097659653,0
77,9,11.138482572858658,12.865906289439037,0
78,9,11.269716112893489,12.8861457526058,0
79,9,11.40889330085916,12.927490178265959,0
80,9,11.543335543086908,12.975088576574217,0
81,9,11.691693198679069,13.033556634756973,0
82,9,11.825849891325692,13.080084645157328,0
83,9,11.969318867794925,13.114307462753292,0
84,9,12.100518657225043,13.145315573024979,0
85,9,12.244305608994846,13.148238741629038,0
86,9,12.379593477384585,13.137198230091823,0
87,9,12.507821994359798,13.141519121231934,0
88,9,12.635708261714937,13.147094981053174,0
89,9,12.774660152584008,13.163595257083932,0
90,9,12.914083866230525,13.203956706858412,0
91,9,13.053723270768177,13.240031746267213,0
92,9,13.201908085918273,13.268184589734929,0
93,9,13.344130074046893,13.285104073816129,0
94,9,13.510291476404982,13.29235403480825,0
95,9,13.661647038395326,13.292569135924738,0
96,9,13.807970151274649,13.2922932622054,0
97,9,13.947755528922007,13.291987026030773,0
98,9,14.09125697898388,13.29619279046877,0
99,9,14.238101431184564,13.325511621993792,0
100,9,14.3900731618529,13.347508077325077,0
101,9,14.533483561562253,13.371446252817133,0
102,9,14.673989822408055,13.379608444942852,0
103,9,14.815332008593566,13.382214732088324,0
104,9,14.95776488976762,13.364102663832467,0
105,9,15.094771597382577,13.349630589275518,0
106,9,15.230922047216485,13.336437470041824,0
107,9,15.354122097831997,13.342019505683968,0
108,9,15.489238418885188,13.353129894194923,0
109,9,15.632435388836305,13.371070289501514,0
110,9,15.772233694010955,13.375635500248723,0
111,9,15.898308015013008,13.380159627045954,0
112,9,16.02621410365112,13.357759241091923,0
113,9,16.15780930081566,13.328111775008567,0
114,9,16.281317217493143,13.294437407601047,0
115,9,16.410916322396837,13.275322841284199,0
116,9,16.53852300731138,13.262444816443423,0
117,9,16.661615661002127,13.251367795295096,0
118,9,16.802190260869146,13.249199621156448,0
119,9,16.937049450304777,13.258786937256408,0
120,9,17.063519371711724,13.25195661333216,0
121,9,17.20151165248592,13.243346820976365,0
122,9,17.327322109607092,13.221221085274344,0
123,9,17.460286902663885,13.192003531346893,0
124,9,17.57991030135294,13.159324752902856,0
125,9,17.7005113187647,13.14018164763115,0
126,9,17.82863267946023,13.130945733493695,0
127,9,17.95911468244745,13.132755571440997,0
128,9,18.09382985539345,13.154320472764006,0
129,9,18.224696783213236,13.160866100949598,0
130,9,18.345026597504102,13.164959692200252,0
131,9,18.46772503098439,13.151882983250749,0
132,9,18.594991836628207,13.13433711365146,0
133,9,18.727548998061746,13.10849490405149,0
134,9,18.848826416843647,13.096291212868982,0
135,9,18.97207267577585,13.082739611925158,0
136,9,19.093759030911137,13.086178280372105,0
137,9,19.22164815266426,13.107735426014706,0
138,9,19.35619434314178,13.127917875608839,0
139,9,19.48963169515699,13.132670328530267,0
140,9,19.61603246627715,13.139157200349226,0
141,9,19.73747054452355,13.122175727822665,0
142,9,19.865270222505163,13.099631059225514,0
143,9,19.987185243351448,13.071417601188505,0
144,9,20.10252770201667,13.05730762315453,0
145,9,20.2274382789024,13.052451974441311,0
146,9,20.362851379060338,13.049454297095675,0
147,9,20.495688999547266,13.064837276813996,0
148,9,20.622228559416783,13.075659388765795,0
149,9,20.747112500460116,13.084185887634474,0
150,9,20.877863181720606,13.080469960800912,0
151,9,21.007352876119157,13.057699705844753,0
152,9,21.138970371613436,13.0295075199893,0
153,9,21.26163959457333,13.006808957236778,0
154,9,21.390339191912723,12.99792165463345,0
155,9,21.514016752444558,12.993276175708765,0
156,9,21.63975193955982,13.017972235868962,0
157,9,21.769274599901625,13.055873515237534,0
158,9,21.897124130366112,13.0810623920726,0
159,9,22.024138808933696,13.093617123987586,0
160,9,22.157282136700218,13.100745808836548,0
83,10,4.173015491782651,13.011552705365572,0
84,10,4.305259230366282,13.02151249770123,0
85,10,4.410943859112475,13.021671436852039,0
86,10,4.5269261533253164,13.031298838070539,0
87,10,4.640389423001957,13.021268479473445,0
88,10,4.760152356496876,13.01241244288095,0
89,10,4.897423134189207,12.991669831971816,0
90,10,5.030100251783658,12.970034405660256,0
91,10,5.145915055368807,12.942216964688877,0
92,10,5.2562989635045785,12.923987244914883,0
93,10,5.375257865846432,12.923359823949072,0
94,10,5.505668150055966,12.921473666332181,0
95,10,5.643602202644365,12.936931814588144,0
96,10,5.783041571013571,12.950259405532634,0
97,10,5.910094713828684,12.95533973400111,0
98,10,6.024161153382686,12.948573716709921,0
99,10,6.131672824704806,12.939016629408075,0
100,10,6.259774188021364,12.916982084564657,0
101,10,6.393696720533508,12.877083803274214,0
102,10,6.5277837746075225,12.846763105664847,0
103,10,6.643904394187378,12.82525004294061,0
104,10,6.770993648495277,12.8105030528848,0
105,10,6.891412347510911,12.796761589229142,0
106,10,7.017001146659788,12.790903682745805,0
107,10,7.156422875807438,12.793735477529774,0
108,10,7.279795176570907,12.784891058658888,0
109,10,7.392286847864182,12.774479610831051,0
110,10,7.497764476533707,12.759083607631318,0
111,10,7.61525585300623,12.742397380111418,0
112,10,7.728022630724408,12.712366687161548,0
113,10,7.85184576633001,12.670269810077544,0
114,10,7.952997680115212,12.63406322914386,0
115,10,8.051879312172952,12.606130678494559,0
116,10,8.153152908490814,12.580403744826986,0
117,10,8.267991105258497,12.563768203062951,0
118,10,8.39005454120421,12.557004987812297,0
119,10,8.51891348922548,12.557757805368203,0
120,10,8.62352938720787,12.547517421080773,0
121,10,8.732984073817915,12.51252817814081,0
122,10,8.836125258914738,12.479457470430685,0
123,10,8.939962076928634,12.429476242421233,0
124,10,9.044662270266281,12.357033825321203,0
125,10,9.136991110334144,12.28440426814378,0
126,10,9.231407977479604,12.217793985390296,0
127,10,9.333021511497337,12.168928632977165,0
128,10,9.431544377691383,12.121736379614369,0
129,10,9.554476703436823,12.073959022728905,0
130,10,9.680776565691813,12.034066535723536,0
131,10,9.797194905869322,11.98321446800662,0
132,10,9.889882338245451,11.937319695692743,0
133,10,9.988158286282255,11.88681251146429,0
134,10,10.092557658625672,11.836888332275981,0
135,10,10.201129272198001,11.778028043654947,0
136,10,10.318944732099494,11.708386004471636,0
137,10,10.42178085702899,11.636828973199995,0
138,10,10.525412265873713,11.573277768080885,0
139,10,10.630405359536281,11.522148846496897,0
140,10,10.740840761043973,11.461697638435542,0
141,10,10.859957825984717,11.411583609694953,0
142,10,10.986860587208524,11.357745845453753,0
143,10,11.114874157111728,11.300420554300166,0
144,10,11.242537630382174,11.236690304442357,0
145,10,11.360083550108705,11.174372216548033,0
146,10,11.46958522701937,11.09519119934353,0
147,10,11.590053997322658,11.000481071253578,0
148,10,11.695588987860674,10.915972929903187,0
149,10,11.804926278258268,10.844312464817646,0
150,10,11.905409307870858,10.788649630922672,0
151,10,12.012132863776266,10.726499608662468,0
152,10,12.13110696546453,10.67349984725657,0
153,10,12.26521948289425,10.63305114557378,0
154,10,12.391255667973585,10.588906058732825,0
155,10,12.504945410247327,10.55848232765816,0
156,10,12.616487786153575,10.527346935137862,0
157,10,12.721503032605474,10.491985874030009,0
158,10,12.847045163080875,10.449488400011841,0
159,10,12.980676155599769,10.41368875934245,0
160,10,13.106628261666344,10.387539000819856,0
161,10,13.22632301748893,10.3706591977811,0
162,10,13.351524580875054,10.36420164162192,0
163,10,13.486197927692416,10.371302679793345,0
164,10,13.619492229199375,10.401100061154462,0
165,10,13.750822464107276,10.439908474627819,0
166,10,13.8731794628052,10.452209487817374,0
167,10,13.985398183604826,10.467430254765935,0
168,10,14.105686237828133,10.472949305514698,0
169,10,14.253103953831396,10.475661933906778,0
170,10,14.39274231922247,10.46257390439529,0
171,10,14.522903084345815,10.463274269815738,0
172,10,14.656837611532517,10.477731131507097,0
173,10,14.771144314211766,10.487313556682754,0
174,10,14.909231570434272,10.508116338320807,0
175,10,15.060906040976374,10.537607177485322,0
176,10,15.184667850920913,10.569552950842416,0
177,10,15.311078786276562,10.592964151611055,0
178,10,15.428659131250893,10.606321882569667,0
179,10,15.552689721660403,10.623644328178095,0
180,10,15.694279169228903,10.628395339259468,0
181,10,15.841710276785552,10.62412796375619,0
182,10,15.964727729022567,10.624724988905578,0
183,10,16.086112894977692,10.631311862296823,0
184,10,16.204795537284348,10.64839210873586,0
185,10,16.33752169003466,10.676550196117883,0
186,10,16.461226600929752,10.721398276065742,0
187,10,16.58172303006054,10.76343269069493,0
188,10,16.70193110839977,10.805288857506847,0
189,10,16.824487225112904,10.831295804497058,0
190,10,16.95340845719561,10.862697001962355,0
191,10,17.08640260613304,10.878270489758807,0
192,10,17.23083803144291,10.886167685331737,0
193,10,17.367878740045455,10.896035678758675,0
194,10,17.49795841343308,10.905256684234852,0
195,10,17.62665717460256,10.922344656863265,0
196,10,17.757551936018466,10.943408312366953,0
197,10,17.883976279259365,10.980679269102405,0
198,10,18.011114456405647,11.03375928236522,0
199,10,18.142348201555816,11.07283003245916,0
104,11,4.617466254346895,10.319666364985842,0
105,11,4.739339988321423,10.346072567257101,0
106,11,4.846080344686268,10.365499638611096,0
107,11,4.948621393088157,10.401239357114633,0
108,11,5.045263510393084,10.417382873639587,0
109,11,5.132651109806739,10.422223750256483,0
110,11,5.20878173471732,10.426003682409716,0
111,11,5.312075696340771,10.430510952342763,0
112,11,5.416677945269321,10.423667102116164,0
113,11,5.512635255041161,10.411536485838084,0
114,11,5.612612700095327,10.409994738608983,0
115,11,5.699560860961296,10.414317196589765,0
116,11,5.795151548814838,10.41298976514526,0
117,11,5.906849537717194,10.431699029388772,0
118,11,6.0091131303352165,10.452429440009077,0
119,11,6.114576181170005,10.495063609435203,0
120,11,6.2166903810872824,10.527757977093806,0
121,11,6.323022603506975,10.548639028208765,0
122,11,6.427046563511902,10.571276258524607,0
123,11,6.532371943320312,10.594595698063701,0
124,11,6.633247868883234,10.61033914258272,0
125,11,6.744367927775019,10.621041390945521,0
126,11,6.836831587776355,10.648909626798126,0
127,11,6.939345061226782,10.68168253067882,0
128,11,7.0431147827402265,10.713506376298568,0
129,11,7.133556725105666,10.750158944020205,0
130,11,7.221528556200715,10.79188086740075,0
131,11,7.30931980047886,10.826677692505132,0
132,11,7.406895821148964,10.839750777325463,0
133,11,7.502892917463772,10.845064010608686,0
134,11,7.604284057385693,10.84256718648901,0
135,11,7.7002812125370905,10.824523189596738,0
136,11,7.789749256976129,10.821485325812015,0
137,11,7.89223248397048,10.81669842305737,0
138,11,7.9834733933091355,10.828806342011436,0
139,11,8.077108133798665,10.843357379244514,0
140,11,8.172842707664628,10.861414832012386,0
141,11,8.25835143187859,10.88104852113543,0
142,11,8.34065888768648,10.890887236100236,0
143,11,8.422158807047749,10.893559482177807,0
144,11,8.507679302396399,10.888522813301309,0
145,11,8.598728071758593,10.87973940864105,0
146,11,8.70203970166675,10.864838053252837,0
147,11,8.794661779112152,10.842829851262655,0
148,11,8.89530063638318,10.82706741486416,0
149,11,8.989380061778277,10.813724127419428,0
150,11,9.079842253940004,10.815777448131142,0
151,11,9.178394847344306,10.819650682145237,0
152,11,9.276015208526964,10.841267466864512,0
153,11,9.360198183013885,10.849001455226368,0
154,11,9.449597521965085,10.858178526715756,0
155,11,9.53711648619962,10.861140295487164,0
156,11,9.626420535468162,10.849795898119643,0
157,11,9.716196935471524,10.82327635177708,0
158,11,9.818460319243748,10.798134240339907,0
159,11,9.90635331731775,10.775745923248376,0
160,11,9.985832057851828,10.757618821670889,0
161,11,10.061956124043215,10.742539843333832,0
162,11,10.143982147991643,10.74226038981444,0
163,11,10.238252418572168,10.742874941811198,0
164,11,10.329253152041312,10.746915139856826,0
165,11,10.420147904529,10.753511205334677,0
166,11,10.508489065383827,10.745218011293487,0
167,11,10.595220413107528,10.739561110992442,0
168,11,10.677660228361614,10.723172799543171,0
169,11,10.790114975792065,10.705541637152534,0
170,11,10.893466371157244,10.66532466127517,0
171,11,11.00487209030639,10.644645887482232,0
172,11,11.102173722549631,10.627874293259287,0
173,11,11.203963460699953,10.613497891958708,0
174,11,11.30786833989632,10.607680196750488,0
175,11,11.413568833664023,10.617681619271728,0
176,11,11.521930181731783,10.64287913076215,0
177,11,11.631257874489005,10.665429439575465,0
178,11,11.728029171658344,10.681353056372172,0
179,11,11.843247774627164,10.683629054079232,0
180,11,11.957527783228738,10.690109126425822,0
181,11,12.084226620022921,10.688478758301203,0
182,11,12.19562699591062,10.681774558080148,0
183,11,12.299486117927001,10.678711743769503,0
184,11,12.403983890664007,10.697085602084284,0
185,11,12.504928404256946,10.715334613386688,0
186,11,12.615687269907715,10.726356731509735,0
187,11,12.726691003393743,10.744688381096921,0
188,11,12.823056839441328,10.774307453654497,0
189,11,12.92704487309182,10.781452408737332,0
190,11,13.028944653981702,10.794243943897536,0
191,11,13.131323358216296,10.795300350340675,0
192,11,13.2444645211621,10.795884543315784,0
193,11,13.352119990930555,10.783534930171271,0
194,11,13.45209544115592,10.782826313047453,0
195,11,13.552434999553203,10.798405354325503,0
196,11,13.662093382372898,10.819738209217277,0
197,11,13.770396832419125,10.858296689972201,0
198,11,13.879198622557665,10.890077412495083,0
199,11,13.977034350592431,10.916076857535248,0
104,12,4.652843132777285,11.166931875334575,0
105,12,4.771308099064692,11.173726683886144,0
106,12,4.877964181233628,11.179652974831228,0
107,12,4.989652242335737,11.185788406621256,0
108,12,5.078826841359707,11.172524359229843,0
109,12,5.182709860133374,11.169961611294486,0
110,12,5.277185381275441,11.175573587725491,0
111,12,5.381648371884304,11.185659741898723,0
112,12,5.487799343109851,11.205057070081184,0
113,12,5.593903169779772,11.229587784871896,0
114,12,5.704386957995495,11.255754872392618,0
115,12,5.804537792364631,11.268496587413566,0
116,12,5.915880747103203,11.282786874217825,0
117,12,6.038313349812309,11.294400334745132,0
118,12,6.146816530070981,11.287291085244995,0
119,12,6.256469594028677,11.289057902649809,0
120,12,6.359856999025694,11.28978789864558,0
121,12,6.462414529551219,11.297257513029129,0
122,12,6.566170099300928,11.309810267086263,0
123,12,6.680246795068351,11.337638390894881,0
124,12,6.779222257866,11.363181454668307,0
125,12,6.884501191826266,11.385040500727511,0
126,12,6.986605545736548,11.385060074726244,0
127,12,7.071347495862901,11.380994522626812,0
128,12,7.159636400910376,11.370917282982049,0
129,12,7.254233071461412,11.35097429123183,0
130,12,7.3442666739248965,11.332319385038419,0
131,12,7.428345005522425,11.32148097907781,0
132,12,7.5068971292346465,11.313504428371186,0
133,12,7.593343365125551,11.321013073661353,0
134,12,7.679365125439279,11.332517268837867,0
135,12,7.781290879042143,11.3453568262845,0
136,12,7.881072217388147,11.35887393632262,0
137,12,7.962169034410117,11.363626180840095,0
138,12,8.044122432475111,11.370156163191679,0
139,12,8.131630034405159,11.384969027491493,0
140,12,8.219451219901087,11.38944973564631,0
141,12,8.307885101275026,11.386910499394507,0
142,12,8.417006479977413,11.374829358692322,0
143,12,8.503408949839054,11.379228475329027,0
144,12,8.594720993462476,11.377227304892903,0
145,12,8.685456744361474,11.3741262222005,0
146,12,8.773123697140694,11.380905248081914,0
147,12,8.875376464133291,11.395204316193741,0
148,12,8.969102500449841,11.407128548688481,0
149,12,9.061088179334309,11.419270710960138,0
150,12,9.147846711654745,11.42900162313023,0
151,12,9.228983313490223,11.432145201031622,0
152,12,9.317463499816737,11.4133662335494,0
153,12,9.40679219529094,11.400643669671576,0
154,12,9.50831981839806,11.378614768673778,0
155,12,9.596140500214787,11.348228567197971,0
156,12,9.674111667796524,11.342031135680255,0
157,12,9.763221471598783,11.33004104038121,0
158,12,9.862547981013863,11.321490457783261,0
159,12,9.961273383723352,11.327922711382005,0
160,12,10.065985612607001,11.337472167882327,0
161,12,10.170391671182191,11.348352422445078,0
162,12,10.261041158152779,11.357565913125665,0
163,12,10.344443705722743,11.356600834264677,0
164,12,10.423947991491785,11.346743791145075,0
165,12,10.516573483721293,11.334958459222788,0
166,12,10.60479825690065,11.325211226899558,0
167,12,10.701105720927101,11.30209001106981,0
168,12,10.801930151582132,11.27529442920769,0
169,12,10.891435952286685,11.259085438318744,0
170,12,10.979307311917772,11.256323747422185,0
171,12,11.073012623817139,11.253554413863965,0
172,12,11.176169609562924,11.254633717720438,0
173,12,11.277735072257423,11.277722688043442,0
174,12,11.378595169446287,11.298788410032426,0
175,12,11.471151080749147,11.307068017691455,0
176,12,11.562216934567124,11.306935794715313,0
177,12,11.665313946969176,11.294953097059272,0
178,12,11.766644091638739,11.283591670118268,0
179,12,11.882604554392287,11.265665427891884,0
180,12,11.98785854295198,11.252519715867434,0
181,12,12.086319283530912,11.241781153509828,0
182,12,12.181610577570355,11.24471767606864,0
183,12,12.289096156486815,11.249538307785546,0
184,12,12.410665988213964,11.256511634673824,0
185,12,12.525005366109786,11.275547569542532,0
186,12,12.628414898618162,11.293911499849264,0
187,12,12.731613517661126,11.302889257972538,0
188,12,12.831206362259696,11.3161126547575,0
189,12,12.934656070423733,11.323289337352971,0
190,12,13.046999044900156,11.324376914972706,0
191,12,13.166155783685026,11.318399062980575,0
192,12,13.269378025161934,11.324048631273797,0
193,12,13.367212694397386,11.330407897452057,0
194,12,13.47301090395896,11.338542092996434,0
195,12,13.583083337388981,11.359639251194157,0
196,12,13.696400889535022,11.392423832884882,0
197,12,13.80452376288809,11.425199554404946,0
198,12,13.919818781204016,11.444637468969576,0
199,12,14.028299341379022,11.46521908703742,0
125,13,3.8509416599624102,7.153417554418564,0
126,13,3.9696988977052983,7.146183609820451,0
127,13,4.090791646585877,7.143260626788343,0
128,13,4.210310323115832,7.135734694000322,0
129,13,4.335436207676171,7.11185653064592,0
130,13,4.449520595163677,7.083084130768834,0
131,13,4.562095385073284,7.066320583066557,0
132,13,4.677022590636281,7.0741616414361825,0
133,13,4.804679413570811,7.0677148304502015,0
134,13,4.938145348999593,7.066879117166918,0
135,13,5.071044681730554,7.095807365720072,0
136,13,5.181468081974168,7.113438390540137,0
137,13,5.3037570307449,7.122169392058929,0
138,13,5.4351939087880154,7.12402349519939,0
139,13,5.563845461880137,7.118465295840943,0
140,13,5.6863775949563715,7.099764468341737,0
141,13,5.814024078545466,7.081392247606654,0
142,13,5.9361542092772055,7.062481959499115,0
143,13,6.05569287581583,7.05550309197204,0
144,13,6.175949359384392,7.0582971380918424,0
145,13,6.292994018838099,7.073133758187596,0
146,13,6.4114423694952745,7.0870381641713625,0
147,13,6.530750865756073,7.08461725744093,0
148,13,6.646361612344966,7.0808564259496425,0
149,13,6.772289748579085,7.0678617516111055,0
150,13,6.905709114812373,7.054806741655075,0
151,13,7.02149954087039,7.030955840899227,0
152,13,7.143309937970713,6.993289167568242,0
153,13,7.265738441888307,6.966206036907579,0
154,13,7.383577354220183,6.948663121950675,0
155,13,7.5154463540827265,6.936451535898211,0
156,13,7.649814166900067,6.948291049826763,0
157,13,7.775465805092479,6.959458916662593,0
158,13,7.898708790935279,6.964159401217755,0
159,13,8.020079338458972,6.9586587184536555,0
160,13,8.150400343518987,6.951019589557499,0
161,13,8.282316742774553,6.941901831998228,0
162,13,8.41734414755859,6.931180235064093,0
163,13,8.550903106446286,6.920529661984945,0
164,13,8.685795742488946,6.912309962279627,0
165,13,8.820215697276547,6.906273688791553,0
166,13,8.965887886608684,6.9159226787395385,0
167,13,9.108664286919181,6.930765167723424,0
168,13,9.257559805759598,6.960687871156527,0
169,13,9.387334837127721,6.9835199947948405,0
170,13,9.529379048808194,6.994945260356496,0
171,13,9.670801654210468,7.010098532808476,0
172,13,9.807994938103825,7.015929880220231,0
173,13,9.932311998019777,7.009220581298428,0
174,13,10.062493502051959,6.992334169876308,0
175,13,10.188561102171606,6.974793835927805,0
176,13,10.302217356852527,6.969514122986182,0
177,13,10.412775106431237,6.97922706951625,0
178,13,10.531591379409264,6.987828094004726,0
179,13,10.6431512931361,7.010307387326295,0
180,13,10.755849485085259,7.035834247188969,0
181,13,10.86989082812572,7.061470080700659,0
182,13,10.992443313228353,7.070874545729821,0
183,13,11.12233603926932,7.077668687023981,0
184,13,11.258952450628563,7.078394075626993,0
185,13,11.393761090403412,7.059504386485791,0
186,13,11.51663577080722,7.045744423663712,0
187,13,11.627623870592496,7.039524192481354,0
188,13,11.737951076396714,7.046680290656918,0
189,13,11.868224840594463,7.068369250603342,0
190,13,11.997306008132293,7.093311457841354,0
191,13,12.139213585761604,7.119026619827914,0
192,13,12.267226424263804,7.1326256278688325,0
193,13,12.40587551015155,7.138562207054747,0
194,13,12.551943773654166,7.141123771739347,0
195,13,12.689764452059022,7.136972805917625,0
196,13,12.824143031571843,7.131831537877779,0
197,13,12.942186628997188,7.120122352479899,0
198,13,13.056131637793092,7.122677527223328,0
199,13,13.185445008766019,7.143477083453241,0
125,14,3.888771169915876,7.685412648358248,0
126,14,4.02371599466826,7.669907906742941,0
127,14,4.148612496757727,7.659639679073352,0
128,14,4.273776154772618,7.638817765559437,0
129,14,4.387832149638115,7.605445035357585,0
130,14,4.4967028764219625,7.6050240371739015,0
131,14,4.612107234125053,7.613582788540783,0
132,14,4.750451064231115,7.621796332650535,0
133,14,4.889521705936871,7.631639974346817,0
134,14,5.0071972080728955,7.634662819477044,0
135,14,5.138217769068418,7.6468135308058445,0
136,14,5.258603550909236,7.644991602534587,0
137,14,5.385012101328785,7.6330593505952455,0
138,14,5.51605246359923,7.61441836511995,0
139,14,5.638388567861501,7.604623816707788,0
140,14,5.759455543121659,7.5967182847946635,0
141,14,5.879106025459653,7.590804890467388,0
142,14,6.000641436029987,7.6120513449653275,0
143,14,6.131281243885766,7.624260357493505,0
144,14,6.25179069654549,7.6340852942482105,0
145,14,6.378973137895809,7.645398964503984,0
146,14,6.503655706149951,7.631039406759464,0
147,14,6.627303219675217,7.616089450865038,0
148,14,6.750554396955562,7.587586854685363,0
149,14,6.872774588570993,7.548081278112211,0
150,14,6.979474088087363,7.532097717951355,0
151,14,7.087766602004018,7.519925379323417,0
152,14,7.2038722001652795,7.513210311896126,0
153,14,7.335387567242129,7.524373660310712,0
154,14,7.460108419820736,7.541106242255944,0
155,14,7.592844167220313,7.549902267097464,0
156,14,7.709589588174844,7.55536570625497,0
157,14,7.838824841878958,7.5527885751005766,0
158,14,7.980108282172672,7.536415078613647,0
159,14,8.104739701393065,7.517361862298448,0
160,14,8.232893500498452,7.495609204398493,0
161,14,8.347381531414808,7.484397856184468,0
162,14,8.47289847114267,7.479013697472888,0
163,14,8.601096147337213,7.483798659754842,0
164,14,8.734639164068419,7.50595850007419,0
165,14,8.86520358846342,7.524121203472895,0
166,14,8.979870134901928,7.532421332585213,0
167,14,9.101049416756767,7.530875074160284,0
168,14,9.212928420976358,7.523481334919258,0
169,14,9.33481763114504,7.4931036037732985,0
170,14,9.458973681116985,7.469357787841817,0
171,14,9.572039439121037,7.463019957264021,0
172,14,9.682724717272183,7.460108452715026,0
173,14,9.80648402275875,7.478151673931524,0
174,14,9.92627299136956,7.5069603597275965,0
175,14,10.05599489884226,7.530449470508198,0
176,14,10.1845369492281,7.562476709821261,0
177,14,10.30249162102196,7.579027987021999,0
178,14,10.42040113792851,7.594898267695083,0
179,14,10.541077337690517,7.594551023214326,0
180,14,10.669833325577425,7.602289539360367,0
181,14,10.808244815071948,7.594049558501192,0
182,14,10.939707340662702,7.5983009202786365,0
183,14,11.064904034995612,7.606905555035973,0
184,14,11.207619219555845,7.628282339840642,0
185,14,11.352308614717643,7.657786984631751,0
186,14,11.5091461238843,7.6839322653830155,0
187,14,11.644192983120307,7.696855218858934,0
188,14,11.778826877399364,7.705805909298411,0
189,14,11.907473879404057,7.7101934807895836,0
190,14,12.051375330806334,7.697411370755804,0
191,14,12.178585064495618,7.67952022424121,0
192,14,12.285076422856122,7.672703009143229,0
193,14,12.399533071332776,7.679998686645657,0
194,14,12.52569497328612,7.703605486181114,0
195,14,12.651480944151606,7.739069325244343,0
196,14,12.781666336530797,7.766056288233404,0
197,14,12.91033797656585,7.781030474434755,0
198,14,13.033219431393698,7.797983386082128,0
199,14,13.167228354994963,7.806277857169091,0
125,15,4.9501071198458,9.529841157089487,0
126,15,5.050765966297305,9.515691249708492,0
127,15,5.156705745345365,9.52654292310608,0
128,15,5.261657304635987,9.539878532145122,0
129,15,5.3685430342805285,9.552754339529912,0
130,15,5.4936586295664345,9.585806919717736,0
131,15,5.606831609455949,9.61412737077766,0
132,15,5.715058798981696,9.625416291626644,0
133,15,5.81856889135543,9.642070067581244,0
134,15,5.934658482387693,9.647290972399256,0
135,15,6.056283321279658,9.64632559112857,0
136,15,6.175667025881617,9.63989984722262,0
137,15,6.293750091881954,9.633075358416615,0
138,15,6.402731406805554,9.625752303061088,0
139,15,6.504041242508687,9.627651417752404,0
140,15,6.613645960138398,9.65634461979525,0
141,15,6.722010102768613,9.681582238579379,0
142,15,6.8327375818657226,9.695854543714434,0
143,15,6.937070946408211,9.716560216844403,0
144,15,7.026435060580585,9.721755908087278,0
145,15,7.136191630850741,9.721293685131998,0
146,15,7.2566716341637045,9.717510339557153,0
147,15,7.371789388321517,9.696163374731224,0
148,15,7.481899306010074,9.679594666563187,0
149,15,7.581575401212881,9.670051301812967,0
150,15,7.6726438974235105,9.660860679080889,0
151,15,7.766396868051386,9.674494460414804,0
152,15,7.871872898229458,9.70626468668685,0
153,15,7.9847891599314815,9.723752381025008,0
154,15,8.07614032655868,9.739821841685552,0
155,15,8.173946069422207,9.740817732504404,0
156,15,8.27942034288057,9.74082676349148,0
157,15,8.390723402324213,9.733023313569392,0
158,15,8.49980219966994,9.702477799207971,0
159,15,8.600935037437262,9.669910589338286,0
160,15,8.693285071279204,9.654364994650264,0
161,15,8.789949231455529,9.645822977203402,0
162,15,8.898405373624334,9.656218541204847,0
163,15,9.00402853487859,9.661257319014485,0
164,15,9.114120645762434,9.682599121355686,0
165,15,9.207144305579195,9.695065294798098,0
166,15,9.29597738247454,9.691056565962656,0
167,15,9.395844761600166,9.680551042506501,0
168,15,9.492844336675143,9.659179495593992,0
169,15,9.601360601173003,9.637584668564191,0
170,15,9.700286324577306,9.610934172189639,0
171,15,9.799240689461268,9.595527010035708,0
172,15,9.899047580886828,9.585622221900078,0
173,15,9.998229293360561,9.589687512633125,0
174,15,10.105848945740185,9.618205083052489,0
175,15,10.209124708555567,9.642823540682988,0
176,15,10.31082263275966,9.660043462006078,0
177,15,10.402058262660635,9.662380968834826,0
178,15,10.504079673101517,9.655626620248865,0
179,15,10.600374218514371,9.645811940642474,0
180,15,10.712924423134034,9.625662679643295,0
181,15,10.830299738790972,9.60564623340705,0
182,15,10.94723003082836,9.587983084452794,0
183,15,11.058885994668056,9.579931617333786,0
184,15,11.169753965472166,9.581422556139048,0
185,15,11.283210356004059,9.604083779998787,0
186,15,11.392217059279055,9.625340348847372,0
187,15,11.509669989351822,9.645295138143874,0
188,15,11.610318681761797,9.65598047640486,0
189,15,11.709885169081819,9.65896935237677,0
190,15,11.812292080906044,9.65322617826236,0
191,15,11.926721031978186,9.639801831332939,0
192,15,12.051905548616219,9.62352638753846,0
193,15,12.166176378780921,9.607377317585403,0
194,15,12.273032236022885,9.591552032556898,0
195,15,12.3857424502041,9.606903817333798,0
196,15,12.496817793208944,9.618296101583816,0
197,15,12.616088834227957,9.64387114321833,0
198,15,12.716527434451725,9.670131755473637,0
199,15,12.81427328782242,9.6836646795972,0
125,16,5.018966030475008,10.313269651663118,0
126,16,5.121755249318355,10.32239997905771,0
127,16,5.225592592651337,10.338544040424601,0
128,16,5.336411231459405,10.359472851579735,0
129,16,5.445571891296592,10.373711053456642,0
130,16,5.545139484823028,10.396605992922243,0
131,16,5.654390623207556,10.423290213348393,0
132,16,5.76155671269103,10.439739364874534,0
133,16,5.864790785567129,10.453722857172192,0
134,16,5.969020897587717,10.455495996611239,0
135,16,6.082940310657476,10.452350039458272,0
136,16,6.198981405890192,10.448701912772385,0
137,16,6.312004125368845,10.445757860259258,0
138,16,6.412990853860701,10.44700098305228,0
139,16,6.51957388672276,10.445023813827854,0
140,16,6.636184412794186,10.459650199329706,0
141,16,6.754542453992436,10.469479255415683,0
142,16,6.860751583906757,10.481298981363937,0
143,16,6.958543008896412,10.48599193914182,0
144,16,7.0611477265410905,10.483013825904111,0
145,16,7.15488485988468,10.472587775643044,0
146,16,7.266411132854383,10.45909382112796,0
147,16,7.3711305684263975,10.436882774407104,0
148,16,7.46695546955089,10.425526998096899,0
149,16,7.563592762079504,10.426447906520515,0
150,16,7.662399281528897,10.429826328083616,0
151,16,7.7645017694340925,10.43227791582499,0
152,16,7.873775348437631,10.439652040014344,0
153,16,7.98022237868315,10.443832776673558,0
154,16,8.072244160593579,10.449433421784091,0
155,16,8.17282012877414,10.450607711621403,0
156,16,8.270138823677808,10.450246573835818,0
157,16,8.37863392714639,10.440035003702137,0
158,16,8.491653540427764,10.42944656994864,0
159,16,8.597550142825153,10.411821611553153,0
160,16,8.697821042815168,10.412599356235333,0
161,16,8.798637781913854,10.405759568205646,0
162,16,8.911246088397101,10.416048624880013,0
163,16,9.022805195155277,10.415877374741699,0
164,16,9.122542455939286,10.415811207578932,0
165,16,9.223077565963772,10.421415114513708,0
166,16,9.316788170655553,10.423642033953962,0
167,16,9.407809450631174,10.414614562770883,0
168,16,9.507709586465433,10.395992278512807,0
169,16,9.621799573262173,10.36820942343543,0
170,16,9.726147500058183,10.343524587905968,0
171,16,9.829515609191642,10.336196613383228,0
172,16,9.926359979253743,10.330205757138998,0
173,16,10.018271498669115,10.324161023877828,0
174,16,10.119442373912467,10.328300239541935,0
175,16,10.225668395221245,10.33099713866411,0
176,16,10.331866663464252,10.344933778494255,0
177,16,10.428456160044854,10.35544631892786,0
178,16,10.523160640318343,10.357990313040435,0
179,16,10.606201115485545,10.352504296704595,0
180,16,10.70299950302397,10.340895060479902,0
181,16,10.815288386181656,10.338867306222815,0
182,16,10.934501625286698,10.32874946107177,0
183,16,11.04510822568746,10.333392571220653,0
184,16,11.147850394169991,10.341830625665443,0
185,16,11.26888152686847,10.354009336499653,0
186,16,11.384696460944541,10.379634606198637,0
187,16,11.49432928015178,10.398709170034298,0
188,16,11.598589285176812,10.410700635433967,0
189,16,11.6995383161218,10.418584102743885,0
190,16,11.794560894626725,10.419458511929916,0
191,16,11.914480736339835,10.414864094466395,0
192,16,12.028355500524807,10.406596833217517,0
193,16,12.152805001661457,10.393897589256886,0
194,16,12.264467963432626,10.398294326531072,0
195,16,12.37858519600666,10.405550157373227,0
196,16,12.500118487197296,10.41136539603423,0
197,16,12.616444018613894,10.428101123864923,0
198,16,12.72336912240719,10.439084100587776,0
199,16,12.826327192604998,10.445604096197977,0
188,17,5.395668357572797,12.229430589947093,0
189,17,5.541281398634785,12.229304841596424,0
190,17,5.684095066636615,12.240781928940832,0
191,17,5.824124263830038,12.251538217984526,0
192,17,5.958436379921833,12.250233152079396,0
193,17,6.096025056338474,12.251094379132432,0
194,17,6.228646752376481,12.250192903314105,0
195,17,6.373297647413208,12.239458473326758,0
196,17,6.513651523115788,12.231174703504516,0
197,17,6.6431363324667885,12.228567611333267,0
198,17,6.781792783621277,12.218364860624986,0
199,17,6.922370288806763,12.221818538903948,0
188,18,5.20987501806471,11.516614403680533,0
189,18,5.355294436104877,11.503392102028913,0
190,18,5.495654471780854,11.48180819729664,0
191,18,5.647019450937095,11.457450279755287,0
192,18,5.78639787373551,11.432289143428333,0
193,18,5.923294996979138,11.417625883120767,0
194,18,6.074975749207685,11.415229819541844,0
195,18,6.225465307915494,11.416646099601582,0
196,18,6.371582784856052,11.40308997690305,0
197,18,6.514447474682767,11.394542180582484,0
198,18,6.6546026106793965,11.391826872015889,0
199,18,6.793971634224745,11.38415904907703,0
188,19,4.509825386183994,10.238166798688203,0
189,19,4.607700130296102,10.229660153031185,0
190,19,4.719496296416426,10.239180759232314,0
191,19,4.820889020100044,10.242906399587753,0
192,19,4.9169790733221515,10.250685694603535,0
193,19,4.987566321448293,10.244304745626307,0
194,19,5.073913032595524,10.240350960439567,0
195,19,5.17762484269572,10.23215174964286,0
196,19,5.287705714352433,10.220885162178071,0
197,19,5.389288962192004,10.203203805252015,0
198,19,5.4866917743279675,10.192822797033218,0
199,19,5.583599517164042,10.186672061328903,0
188,20,4.478363631134131,9.81824763718127,0
189,20,4.601267757574247,9.823011923331723,0
190,20,4.6983316003957585,9.828194175537867,0
191,20,4.796415204495559,9.824822827919819,0
192,20,4.891948568833418,9.830090462250498,0
193,20,4.985232430767807,9.815710546666404,0
194,20,5.090937504856728,9.800258116069037,0
195,20,5.191932733599296,9.787016663941294,0
196,20,5.317467470316312,9.758742500057572,0
197,20,5.429168936167362,9.73748520981536,0
198,20,5.527586424878142,9.732254891160313,0
199,20,5.623144970975411,9.728093826223867,0
188,21,4.463788102063181,9.34586783577385,0
189,21,4.582333701932656,9.333085309152763,0
190,21,4.68662610217415,9.320081639115466,0
191,21,4.777510794276918,9.305044279718944,0
192,21,4.86207243476193,9.291892682368319,0
193,21,4.947528927246158,9.286615454721945,0
194,21,5.05465382282577,9.279072321118436,0
195,21,5.152672267385397,9.276218990908664,0
196,21,5.265564618489771,9.265891254470146,0
197,21,5.368466026017503,9.253568981721521,0
198,21,5.458906394417165,9.248299450795551,0
199,21,5.562445838978327,9.241405887546076,0
0,22,15.337130417345856,5.210103192187908,1
1,22,15.34839074113481,5.227770614164947,1
2,22,15.349802615588015,5.229845929600758,1
3,22,15.351726414637625,5.231128924987706,1
4,22,15.349062647085587,5.226860325357078,1
5,22,15.34916727301416,5.229677600349317,1
6,22,15.358036263498402,5.2289577760833685,1
7,22,15.364440666759055,5.232289848935396,1
8,22,15.358308953308862,5.238233709333566,1
9,22,15.357102834506641,5.237922689616555,1
10,22,15.36098875731959,5.234184529443875,1
11,22,15.36408294908021,5.232987800717784,1
12,22,15.364491731022873,5.234944092327013,1
13,22,15.358291115447557,5.234179031481026,1
14,22,15.361085405561486,5.237600616001194,1
15,22,15.360467271310963,5.241822448664426,1
16,22,15.364517778675125,5.241971278043931,1
17,22,15.362872885976914,5.238757609327979,1
18,22,15.360211846389138,5.231119267947674,1
19,22,15.364472858302305,5.231550490832533,1
20,22,15.362409242882574,5.23688266824733,1
21,22,15.36270664863944,5.22733451130215,1
22,22,15.3565408805351,5.226348811961421,1
23,22,15.360630683578712,5.233598350468582,1
24,22,15.359180726544905,5.239905804969578,1
25,22,15.359330791257502,5.237650831627401,1
26,22,15.353346791466667,5.234239584207801,1
27,22,15.352692967497727,5.235585599109004,1
28,22,15.356386014713536,5.240666350102808,1
29,22,15.360000266633719,5.2339731455879255,1
30,22,15.357073758524207,5.2342171652330425,1
31,22,15.351969016543762,5.235948124435453,1
32,22,15.352288609974858,5.232594042004973,1
33,22,15.350163589618111,5.228602166909479,1
34,22,15.356168918447253,5.23307386710253,1
35,22,15.363358639759387,5.229256630475196,1
36,22,15.364266029440376,5.230484935658328,1
37,22,15.358779471830198,5.234498605301602,1
38,22,15.353507732437897,5.233956954869774,1
39,22,15.352359688004313,5.236665202997073,1
40,22,15.349651496121206,5.231004954462352,1
41,22,15.352015569006808,5.232304173245295,1
42,22,15.356405934662568,5.236022847532412,1
43,22,15.356083797201276,5.237483490946795,1
44,22,15.357566480916832,5.227816030699408,1
45,22,15.354269901709936,5.235110987978564,1
46,22,15.357535086290714,5.2410886814911,1
47,22,15.359532757257638,5.236952505715341,1
48,22,15.356389940504465,5.238261403123563,1
49,22,15.359197284092142,5.231610560145462,1
50,22,15.363977565121269,5.230035064619321,1
51,22,15.359895005193964,5.235030623078017,1
52,22,15.361324862387725,5.228888328337728,1
53,22,15.363688344488205,5.227883740622694,1
54,22,15.362176772170894,5.227573194018923,1
55,22,15.356765499489592,5.226394965813342,1
56,22,15.360574128442776,5.234658272897858,1
57,22,15.358068877439294,5.233506240784884,1
58,22,15.35009588561377,5.226201713653849,1
59,22,15.353792524311727,5.221580959559208,1
60,22,15.354985489717492,5.223450277668747,1
61,22,15.35197902393282,5.230341234081871,1
62,22,15.352235713721917,5.228195919824377,1
63,22,15.349622328968357,5.229928116647861,1
64,22,15.354111273763085,5.227123876730608,1
65,22,15.354184268016182,5.232411867920121,1
66,22,15.348788105908174,5.224121841057311,1
67,22,15.35090050534896,5.228993974017134,1
68,22,15.349584400218246,5.232189287512937,1
69,22,15.349960761497083,5.229078433351222,1
70,22,15.348560258668638,5.226976405484217,1
71,22,15.354573189772928,5.227618028453289,1
72,22,15.350764985686615,5.222028981943006,1
73,22,15.347182180118228,5.223679822323826,1
74,22,15.348325576997336,5.222457709397037,1
75,22,15.349415079514252,5.228660704369463,1
76,22,15.345320400703303,5.24382369520328,1
77,22,15.349954941100648,5.26673635110992,1
78,22,15.355898745975228,5.290653940401721,1
79,22,15.349488697312106,5.3215454549918295,1
80,22,15.354389377087118,5.368458236846167,1
81,22,15.353368031984092,5.407845221064812,1
82,22,15.351529179301187,5.455652252344634,1
83,22,15.349329323828071,5.507953737498427,1
84,22,15.346513805460155,5.565097730801334,1
85,22,15.34446036344687,5.624854807414166,1
86,22,15.339575912633855,5.688322050315045,1
87,22,15.330668704967273,5.746033023354628,1
88,22,15.329532437893002,5.821374706960678,1
89,22,15.322407971478723,5.900594632235803,1
90,22,15.30493051185433,5.971595941872943,1
91,22,15.297685492609359,6.051106083711629,1
92,22,15.29222072361226,6.138356571490855,1
93,22,15.271163437911689,6.219059053193392,1
94,22,15.255046796800682,6.3038238610764985,1
95,22,15.239835688336742,6.4003451622785175,1
96,22,15.229210281564425,6.491151618487836,1
97,22,15.2127360921994,6.582869513644119,1
98,22,15.191756824791366,6.682090107441702,1
99,22,15.166362598388694,6.776775232655491,1
100,22,15.154860021221275,6.876309181355694,1
101,22,15.140389536529922,6.975199413013286,1
102,22,15.122750193835419,7.0803554934507975,1
103,22,15.095174773108027,7.183236708845915,1
104,22,15.074439339464336,7.285946967530542,1
105,22,15.056995377944489,7.39391897228237,1
106,22,15.035387191163467,7.493852016747608,1
107,22,15.01395945907111,7.605798893234687,1
108,22,14.979249361917866,7.709202965392857,1
109,22,14.964748313669784,7.816168442172514,1
110,22,14.932704051356056,7.9268013166641875,1
111,22,14.907531173811066,8.035842214922098,1
112,22,14.873138101168804,8.140484061284528,1
113,22,14.843225157007293,8.246311319104104,1
114,22,14.817355887922737,8.35878408518717,1
115,22,14.79167687071943,8.472944377854159,1
116,22,14.765591668553569,8.589950180342207,1
117,22,14.733739161621898,8.6997440847464,1
118,22,14.695998221051402,8.823176438512366,1
119,22,14.664818118154397,8.937148915373182,1
120,22,14.642416397533664,9.049931463988807,1
121,22,14.598160066625022,9.16620922836958,1
122,22,14.569813358209185,9.278667780788146,1
123,22,14.531375776029869,9.395095675139432,1
124,22,14.49990296076378,9.513286587096047,1
125,22,14.459905690636315,9.626426295217655,1
126,22,14.42693353888957,9.738584397847797,1
127,22,14.39413276021927,9.857218114950113,1
128,22,14.353154164167007,9.973768123563207,1
129,22,14.308141269607088,10.095620294959712,1
130,22,14.26604534236355,10.210014010694898,1
131,22,14.225277569588025,10.335715345265626,1
132,22,14.180621425878117,10.450750605928611,1
133,22,14.13474903277002,10.565567060790446,1
134,22,14.084538434928675,10.684805576564605,1
135,22,14.038145863989694,10.809968701504863,1
136,22,13.99234474368337,10.929771423599936,1
137,22,13.948287436097019,11.049252854575418,1
138,22,13.89583860469266,11.166186047776325,1
139,22,13.841279476055895,11.286893522094461,1
140,22,13.78385327655815,11.40135631968187,1
141,22,13.734769073366826,11.525736008865906,1
142,22,13.679307033081471,11.636307145532813,1
143,22,13.621932748409929,11.750354683272514,1
144,22,13.561714483756097,11.866087864418207,1
145,22,13.510103797969597,11.979705530892153,1
146,22,13.443772516561047,12.089445233653889,1
147,22,13.386900911787691,12.19697461357472,1
148,22,13.314651597901024,12.307646209704634,1
149,22,13.250902677229513,12.431754730685677,1
150,22,13.184302151488996,12.542015802030544,1
151,22,13.088998775305141,12.642342311459805,1
152,22,13.022007611284115,12.751259184766102,1
153,22,12.945334075417083,12.855156992560262,1
154,22,12.859864675841282,12.959331595410475,1
155,22,12.78377734846575,13.07026738587603,1
156,22,12.69271305875962,13.16654829010226,1
157,22,12.615006028283581,13.26271109411931,1
158,22,12.52413739107057,13.365807236313614,1
159,22,12.426749918040317,13.456254511474658,1
160,22,12.327658432347516,13.553051966933353,1
161,22,12.217725971550077,13.65348688999655,1
162,22,12.113352614756552,13.749247609847504,1
163,22,11.998957254803944,13.856508338030151,1
164,22,11.886990951990839,13.958104803433319,1
165,22,11.75050573246306,14.065629859169482,1
166,22,11.621743502161339,14.165777705654497,1
167,22,11.491113898085665,14.26422152404831,1
168,22,11.3433990530766,14.36017403196781,1
169,22,11.20505322916347,14.451355307920478,1
170,22,11.058222657793324,14.536310396212059,1
171,22,10.910490406485819,14.624536676565643,1
172,22,10.7576605756081,14.69930739901784,1
173,22,10.598000094317051,14.775931487368817,1
174,22,10.43605327703216,14.85064138372542,1
175,22,10.26788434710373,14.900040159099671,1
176,22,10.097324407869882,14.957577006697504,1
177,22,9.923625312241144,15.00693713916426,1
178,22,9.75590564843443,15.064947668018267,1
179,22,9.582414182988627,15.103229348156091,1
180,22,9.401464892444693,15.145003754423506,1
181,22,9.217529618083345,15.183446264139011,1
182,22,9.034152650261543,15.213142805742265,1
183,22,8.857217565129789,15.242392618324063,1
184,22,8.673044304615331,15.263275161721092,1
185,22,8.486904335419649,15.27645134647422,1
186,22,8.301601924402586,15.304617359565553,1
187,22,8.114844836640787,15.338832668342611,1
188,22,7.921756316389721,15.35701340288642,1
189,22,7.71691547308964,15.379616349912673,1
190,22,7.516810443562945,15.400441252353268,1
191,22,7.32556851659055,15.407700800212654,1
192,22,7.127851241005544,15.4285513252524,1
193,22,6.9360140716962215,15.441770524757294,1
194,22,6.732587214622568,15.44234083888074,1
195,22,6.528699485679078,15.459912212528993,1
196,22,6.333927702219132,15.475827320461947,1
197,22,6.126931170065736,15.480866910292427,1
198,22,5.939046538511203,15.49706891855324,1
199,22,5.737504409522318,15.507094038930118,1
