frame_id,agent_id,x,y,type_id
0,0,5.552294328451212,7.730082890621741,0
1,0,5.7206001397742,7.742076712953054,0
2,0,5.890042235642027,7.761091929499518,0
3,0,6.04988396771015,7.780556675556428,0
4,0,6.209991692826566,7.801165731447813,0
5,0,6.355190349149349,7.800955364553571,0
6,0,6.505005122344497,7.800716711898976,0
7,0,6.660038187591985,7.8000682879803875,0
8,0,6.799335477246464,7.798672059102997,0
9,0,6.935968151190768,7.803198814855002,0
10,0,7.060758140383462,7.8139943292361655,0
11,0,7.183097337669877,7.8208047861248975,0
12,0,7.308401088909387,7.845575838212223,0
13,0,7.428851190960999,7.8751095839352265,0
14,0,7.539369685928753,7.8880246844634705,0
15,0,7.641706975079745,7.892320407430926,0
16,0,7.733750754221072,7.889729083049907,0
17,0,7.8361174228585195,7.891669041497038,0
18,0,7.939132517491502,7.877341241739554,0
19,0,8.039186183944926,7.839735544624492,0
20,0,8.13124888729572,7.805061453184107,0
21,0,8.215706898843417,7.795361102264972,0
22,0,8.295436252670262,7.784957668962387,0
23,0,8.372102410447074,7.801813784008606,0
24,0,8.435783616768237,7.829631966403065,0
25,0,8.50635677653932,7.86556772688437,0
26,0,8.56290561622309,7.886666240744539,0
27,0,8.615708814517763,7.9087079562701925,0
28,0,8.653000622616327,7.925275245187273,0
29,0,8.69163154984926,7.925008173289318,0
30,0,8.712471460404903,7.904142259361556,0
31,0,8.73672436314252,7.8700296595728,0
32,0,8.765688038383042,7.827330195933405,0
33,0,8.787306558211263,7.788122867433078,0
34,0,8.815816675558896,7.756857506823445,0
35,0,8.859118434673935,7.732217663813113,0
36,0,8.893665075314013,7.7263640294893365,0
37,0,8.949975254782698,7.7155247953107695,0
38,0,9.019579204380173,7.712226718501518,0
39,0,9.102545416948756,7.730303860389966,0
40,0,9.214223335105618,7.754935645302564,0
41,0,9.310153310524559,7.775570824239102,0
42,0,9.409761402031394,7.7864976793216485,0
43,0,9.49321903633651,7.7877710131656235,0
44,0,9.5800284115055,7.771708185359233,0
45,0,9.675704629606074,7.754906100060486,0
46,0,9.756939014665967,7.716121295511688,0
47,0,9.84734133299666,7.6628741339197886,0
48,0,9.92466658811843,7.636660711913221,0
49,0,10.014376870346439,7.6398445659990815,0
50,0,10.102451299283695,7.648400529532073,0
51,0,10.196236997101451,7.678753319048515,0
52,0,10.300450648724645,7.733052430108782,0
53,0,10.401315195058286,7.784401288740504,0
54,0,10.491150782686505,7.821683625099226,0
55,0,10.574350276417277,7.846872197533898,0
56,0,10.659466444688267,7.860433774060999,0
57,0,10.753675330497563,7.855733715685217,0
58,0,10.85126560346221,7.83866120273267,0
59,0,10.958544260047624,7.81848865259176,0
60,0,11.080110986109547,7.775990798782964,0
61,0,11.190620417055017,7.753281838526763,0
62,0,11.30281428050751,7.753733387363485,0
63,0,11.421313642041316,7.76926533898641,0
64,0,11.545811328392222,7.814453050129157,0
65,0,11.680360023307276,7.869190302711247,0
66,0,11.823517658722256,7.927037240790261,0
67,0,11.941466167347983,7.9850732672611,0
68,0,12.069264214769781,8.036288411692453,0
69,0,12.214357026478963,8.068710355604551,0
70,0,12.359552503376985,8.086151756045075,0
71,0,12.518950930484623,8.110457567804017,0
72,0,12.675818569998151,8.134206655528057,0
73,0,12.815228380546781,8.182880279208348,0
74,0,12.965202264193783,8.232945761052834,0
75,0,13.117118348258396,8.305941199067115,0
76,0,13.256534354784584,8.373742517327887,0
77,0,13.399670118751366,8.44781149005099,0
78,0,13.544339719215083,8.497327575998206,0
79,0,13.687904276895633,8.550189586633342,0
80,0,13.840836617902928,8.591255546210476,0
81,0,13.999597323946189,8.628736878594925,0
82,0,14.15878526840637,8.66642864253303,0
83,0,14.308541280856334,8.71576461735701,0
84,0,14.449835571977397,8.785196087501706,0
85,0,14.600465992114062,8.846545019768952,0
86,0,14.752137738747553,8.918682959415456,0
87,0,14.900585940958162,8.989940471147133,0
88,0,15.053402487459836,9.041848824376618,0
89,0,15.193864705548616,9.088752016384726,0
90,0,15.339596302758707,9.143301283162899,0
91,0,15.49445844265609,9.185958358498388,0
92,0,15.660443731845906,9.23075720607447,0
93,0,15.822796676554344,9.274754170439506,0
94,0,15.973983551871196,9.343718585881634,0
95,0,16.126390345965703,9.408107574535833,0
96,0,16.27180889244574,9.469436951982543,0
97,0,16.42751034669829,9.528209298351161,0
98,0,16.60043270497373,9.582301743094028,0
99,0,16.766259391133843,9.611034300011145,0
100,0,16.919743095607238,9.64986441442741,0
101,0,17.074575371652298,9.677034621101704,0
102,0,17.23188900020739,9.70710323409172,0
103,0,17.401151856710293,9.736950566389309,0
104,0,17.54377212331948,9.777810971142113,0
105,0,17.6890901169342,9.831991047674034,0
106,0,17.84537484734061,9.8873315524755,0
107,0,17.999864284525174,9.945445556429584,0
108,0,18.15762189462069,10.003478278900296,0
0,1,6.087650896953778,10.086939268950523,0
1,1,6.18747510993409,10.08239131526511,0
2,1,6.284506763765781,10.079380233991445,0
3,1,6.392555965667974,10.078110369644516,0
4,1,6.501503500188266,10.089199868558506,0
5,1,6.620290898898649,10.09305389765848,0
6,1,6.724880051443942,10.103649646565689,0
7,1,6.815214141377687,10.104520303039893,0
8,1,6.915349633956297,10.0941761813676,0
9,1,7.009986967684895,10.095117646587415,0
10,1,7.111081578268807,10.08693271998682,0
11,1,7.210760300017342,10.07595927189357,0
12,1,7.302002316500537,10.070875838625055,0
13,1,7.380352592766795,10.070772769238184,0
14,1,7.464888664183673,10.079456167084887,0
15,1,7.545779423877273,10.078311426390618,0
16,1,7.6266750807432135,10.089387509105336,0
17,1,7.697376755955214,10.107424463681056,0
18,1,7.767635894473512,10.125187292552791,0
19,1,7.828125175902218,10.139499502203499,0
20,1,7.890220036775021,10.148435016016185,0
21,1,7.944741913834378,10.152950273588946,0
22,1,8.003540276130195,10.146734653473954,0
23,1,8.061552000182358,10.133416785862403,0
24,1,8.122843028468786,10.114958719201455,0
25,1,8.183032081420649,10.101272235244219,0
26,1,8.231159222449762,10.096998589940029,0
27,1,8.284589272280423,10.10484765035537,0
28,1,8.33686149745745,10.113331900489825,0
29,1,8.389618120177898,10.14216523846395,0
30,1,8.445030331047796,10.16270211697787,0
31,1,8.493187602540539,10.18220039465433,0
32,1,8.536797816268143,10.185878683831511,0
33,1,8.571990475379149,10.19268815704842,0
34,1,8.607736947854864,10.193007225763067,0
35,1,8.62767825567984,10.186122428086069,0
36,1,8.645285412973767,10.171157920044898,0
37,1,8.665313042656484,10.154640084003193,0
38,1,8.673524923783978,10.14965025353603,0
39,1,8.688120206465475,10.145366894049467,0
40,1,8.701622921838723,10.15063361931904,0
41,1,8.699313622503105,10.147678012424963,0
42,1,8.712336547788157,10.14405182387631,0
43,1,8.719277809089668,10.14906160756027,0
44,1,8.713133050208164,10.163988827709275,0
45,1,8.716072784483641,10.162636073213438,0
46,1,8.715296720551276,10.166323905363353,0
47,1,8.716580755076068,10.167592516226438,0
48,1,8.7204454675319,10.154847050054306,0
49,1,8.723687458330904,10.14963965230826,0
50,1,8.71959582671336,10.14531053089707,0
51,1,8.735138494562884,10.147940009937962,0
52,1,8.747967843557388,10.144117864609273,0
53,1,8.763652462632306,10.149029054467093,0
54,1,8.788961308297868,10.147360772018923,0
55,1,8.80323769713675,10.15115467445922,0
56,1,8.831787487089768,10.146892553665717,0
57,1,8.867189671943937,10.142367628475519,0
58,1,8.905324920437732,10.130101978506344,0
59,1,8.95235498452531,10.10521431034019,0
60,1,9.007375790093425,10.068788806169605,0
61,1,9.069806364397277,10.019531167020398,0
62,1,9.136139748542135,9.98010435342004,0
63,1,9.215987068645683,9.948430635065867,0
64,1,9.303351338687811,9.93016097331718,0
65,1,9.39771408816288,9.907971529350814,0
66,1,9.497000506334416,9.904860942899132,0
67,1,9.583239054089422,9.888522296554953,0
68,1,9.672810821602646,9.874606810073615,0
69,1,9.761398758757116,9.870747074318281,0
70,1,9.869730295279126,9.857060634967743,0
71,1,9.977624572329521,9.840986329119474,0
72,1,10.085522927685489,9.80224362993965,0
73,1,10.196014095098832,9.77438937962014,0
74,1,10.300463023549494,9.739924805548196,0
75,1,10.410176245274744,9.713286866135883,0
76,1,10.524600510461745,9.692827758974648,0
77,1,10.65050580947335,9.691775511962565,0
78,1,10.778641885568552,9.69845342038853,0
79,1,10.899612811655802,9.702841545692994,0
80,1,11.02899139854375,9.70907301054594,0
81,1,11.158191173252932,9.707493456633824,0
82,1,11.2874003255076,9.701146602103046,0
83,1,11.420224873777734,9.69430102807337,0
84,1,11.539513021895093,9.697485666695286,0
85,1,11.65171361281761,9.701474752495136,0
86,1,11.760882253249704,9.703228144193933,0
87,1,11.880074980167825,9.71964032548403,0
88,1,12.01093007510015,9.737808656622898,0
89,1,12.136575447936496,9.746964409308376,0
90,1,12.25262478883731,9.765126095067876,0
91,1,12.366436764523058,9.778602243591513,0
92,1,12.488509034956481,9.795174802532264,0
93,1,12.618934726834771,9.794709883601346,0
94,1,12.74727401805417,9.801749699547182,0
95,1,12.866412031519697,9.809861810555224,0
96,1,12.988298558164,9.82734083588168,0
97,1,13.106251454538675,9.83485328834219,0
98,1,13.226819330962547,9.850863975544149,0
99,1,13.352246131969244,9.884845923712273,0
100,1,13.467662620354677,9.921224191075591,0
101,1,13.571392107075516,9.938674229019586,0
102,1,13.685119049629078,9.964848016710034,0
103,1,13.818506249085273,9.9803526925959,0
104,1,13.94401863162269,9.98725259910926,0
105,1,14.064315463356184,9.98337228589226,0
106,1,14.186177001074823,9.989864457187368,0
107,1,14.302815159759213,10.00929970964095,0
108,1,14.414255567237559,10.029613659941509,0
0,2,8.266203816823712,10.586968673761016,0
1,2,8.144666467290012,10.601051181531028,0
2,2,8.008004931731048,10.614038452273693,0
3,2,7.874297761731978,10.628158918980414,0
4,2,7.734222835783181,10.642740111845843,0
5,2,7.590045733075376,10.665087217036218,0
6,2,7.460296579551229,10.676758637629211,0
7,2,7.323383130944556,10.663524689389202,0
8,2,7.1830817688524125,10.661257185482878,0
9,2,7.038607628826344,10.656566147152287,0
10,2,6.904835329309952,10.65277323388983,0
11,2,6.78837030736987,10.64936652330758,0
12,2,6.6481986964909305,10.645054236647052,0
13,2,6.505105574199131,10.6419596452748,0
14,2,6.364737118151238,10.63748551103699,0
15,2,6.228194943716198,10.63388825704726,0
16,2,6.089538268397945,10.61037491206082,0
17,2,5.938532063931259,10.581038667947654,0
18,2,5.799178590729407,10.554009266219461,0
19,2,5.665540648646362,10.528554515002151,0
20,2,5.534296854062303,10.506664903434556,0
21,2,5.398756119525036,10.479766850624666,0
22,2,5.2555029632082055,10.473572993806522,0
23,2,5.116687955214324,10.463775103141641,0
24,2,4.978534143300787,10.451059114658248,0
25,2,4.838124278505167,10.43454592179615,0
26,2,4.696397736323058,10.407947442177017,0
27,2,4.542828700077733,10.365277302939223,0
28,2,4.395862577794013,10.329333659078737,0
29,2,4.268699907168163,10.29571135125418,0
30,2,4.137469548069898,10.270370947021243,0
31,2,4.006407343053397,10.26089590981367,0
32,2,3.8591318325222446,10.24685660496779,0
33,2,3.7154824023309483,10.242544252716977,0
34,2,3.5696719809305,10.240204559042018,0
0,3,8.229875851211608,11.04952330400913,0
1,3,8.103547153875342,11.05674500482801,0
2,3,7.965388948181753,11.079223183910214,0
3,3,7.829619459817948,11.093088963239685,0
4,3,7.698371296255293,11.106494815126771,0
5,3,7.570482685499609,11.107350856966262,0
6,3,7.4397485943105615,11.10753232366878,0
7,3,7.288897779666434,11.106993536117628,0
8,3,7.144353413937437,11.099206566030965,0
9,3,7.016985578616127,11.084292790995036,0
10,3,6.886447872936883,11.079444911685057,0
11,3,6.761195348644711,11.071060758168013,0
12,3,6.621898486000034,11.070060365819941,0
13,3,6.476880263434368,11.07532306837192,0
14,3,6.327557494547446,11.076317456963272,0
15,3,6.184319717734046,11.071594915834554,0
16,3,6.045445705478527,11.05158187267261,0
17,3,5.905553310665311,11.035378109598872,0
18,3,5.7726636409902445,11.008171535492883,0
19,3,5.635168975752001,10.978353588937004,0
20,3,5.492541574295447,10.94999352966784,0
21,3,5.347706024222657,10.934051234549088,0
22,3,5.197183861879632,10.932226201247314,0
23,3,5.05644957333289,10.932811440063626,0
24,3,4.9098641771438505,10.922315406338363,0
25,3,4.771083843738182,10.91259618590831,0
26,3,4.634666266940837,10.882668354014013,0
27,3,4.486197353056902,10.83941822040229,0
28,3,4.339895467991739,10.802468547691207,0
29,3,4.195626711148483,10.765185440207773,0
30,3,4.05493147689133,10.740840971140262,0
31,3,3.9176585973875944,10.725110935102393,0
32,3,3.7710840888647934,10.723300570113674,0
33,3,3.6213149770510062,10.731461327514669,0
0,4,10.371177910285699,12.549985252853864,0
1,4,10.237511206943765,12.551400431981305,0
2,4,10.113303885536824,12.547443442423619,0
3,4,9.97831217067705,12.537795593637156,0
4,4,9.84749441989625,12.537394194709972,0
5,4,9.71701216075867,12.540236249521298,0
6,4,9.591005322306405,12.534203680484508,0
7,4,9.459017192914054,12.511068800866456,0
8,4,9.319036380315637,12.493637179720888,0
9,4,9.196577254014162,12.472837807668387,0
10,4,9.071698015702786,12.456874209286305,0
11,4,8.943420274902124,12.44868893064972,0
12,4,8.818347019611823,12.438288735253893,0
13,4,8.682319351404011,12.431002495361266,0
14,4,8.55054045408419,12.416844194047668,0
15,4,8.4196324594746,12.404943738179634,0
16,4,8.307417087595537,12.394024445031166,0
17,4,8.17762930658893,12.369233029608163,0
18,4,8.046546015654691,12.354757726915782,0
19,4,7.930082243338124,12.342517159181416,0
20,4,7.808334932198397,12.33881389645345,0
21,4,7.700636730747405,12.331501614712165,0
22,4,7.588072896558405,12.342505628513877,0
23,4,7.460821184693899,12.355963231583821,0
24,4,7.34011320660282,12.360429212284213,0
25,4,7.225658680671032,12.360824096333166,0
26,4,7.107760755573565,12.354679427031016,0
27,4,6.977903838559529,12.341310500061535,0
28,4,6.845715750556278,12.32690383186189,0
29,4,6.718678429965618,12.307242655189947,0
30,4,6.590644047126166,12.285473529952391,0
31,4,6.458306065072558,12.269621945901942,0
32,4,6.330442084801788,12.254943199119872,0
33,4,6.1898402491182365,12.238823918844622,0
34,4,6.05533364999429,12.22380062510598,0
35,4,5.91286200977806,12.194651554027573,0
36,4,5.781935746749961,12.170256402048476,0
37,4,5.645363380982026,12.14000864294003,0
38,4,5.5113960727807125,12.107865799744044,0
39,4,5.384118947626444,12.073338355100178,0
40,4,5.249487749844104,12.044365952154548,0
41,4,5.133888981740778,12.01854257272784,0
42,4,5.000891148620142,11.996352060404117,0
43,4,4.853955898349141,11.9854331351483,0
44,4,4.714315283380653,11.969190574769168,0
45,4,4.582463248944777,11.95599427027555,0
46,4,4.446327420355794,11.928286599681547,0
47,4,4.309829745263029,11.90265136706881,0
48,4,4.166176684470037,11.87433027633785,0
49,4,4.036062677019853,11.844239265225225,0
50,4,3.9075078261038123,11.813190260910389,0
51,4,3.7813386244020366,11.795153896565267,0
52,4,3.649432765960981,11.777019741871916,0
0,5,17.37023410938165,3.981099873084865,0
1,5,17.291789567559857,4.015304739770555,0
2,5,17.193502861794414,4.029635386290774,0
3,5,17.087264635590312,4.043260726944837,0
4,5,17.00082553923373,4.068432027230665,0
5,5,16.92396913966965,4.092354465291683,0
6,5,16.839872672453282,4.1271730999811185,0
7,5,16.764054649288656,4.165789315821299,0
8,5,16.68063611121908,4.206990443619433,0
9,5,16.594937149398138,4.2522063662409755,0
10,5,16.509495708117726,4.277595881017132,0
11,5,16.442581148059073,4.3000902462294395,0
12,5,16.38115277875645,4.325335261467943,0
13,5,16.320933363439572,4.342671900912993,0
14,5,16.239820543541562,4.3561576237977295,0
15,5,16.1568641670562,4.3668841228166695,0
16,5,16.07282315634933,4.358263145581872,0
17,5,16.003516148519637,4.364318505686542,0
18,5,15.930912595599303,4.368049885309427,0
19,5,15.868136737051094,4.376038640190779,0
20,5,15.815490908717411,4.409442486427347,0
21,5,15.760278923729523,4.43389712761819,0
22,5,15.693708039595906,4.47397567160959,0
23,5,15.635411734060579,4.504396218620907,0
24,5,15.580262913444185,4.524431619848392,0
25,5,15.546915126223732,4.5422135957085645,0
26,5,15.507507998985893,4.5458841146974995,0
27,5,15.481931758385437,4.546944397503438,0
28,5,15.451035996149633,4.54342173453647,0
29,5,15.424460880519197,4.522099565231214,0
30,5,15.382034353465636,4.48131351096208,0
31,5,15.34416415985041,4.433483680261404,0
32,5,15.301799190429984,4.381015167454541,0
33,5,15.27546759659925,4.328218061984959,0
34,5,15.238478335547867,4.285298800611478,0
35,5,15.204008405920234,4.248974194755474,0
36,5,15.157766942230952,4.220210365818682,0
37,5,15.112311385253989,4.196946276153623,0
38,5,15.045041097909658,4.187736764619218,0
39,5,14.96548929452193,4.182006499407393,0
40,5,14.868682523186196,4.174717611628221,0
41,5,14.77117034226965,4.172042341447497,0
42,5,14.692243041072555,4.167765221645947,0
43,5,14.627197645882521,4.169049774398187,0
44,5,14.547999729029296,4.16919645416525,0
45,5,14.464863715120666,4.160908032696929,0
46,5,14.36270769944851,4.14893368072498,0
47,5,14.243037057614226,4.1216208627271875,0
48,5,14.115202045131275,4.097665663323061,0
49,5,13.990897675478688,4.080771741119585,0
50,5,13.88107999011541,4.07028316165981,0
51,5,13.750873479016521,4.0708478645067965,0
52,5,13.620530763566013,4.09075892632796,0
53,5,13.491499741181132,4.119167359436514,0
54,5,13.355377204221757,4.128834816439973,0
55,5,13.23707406100732,4.144937985238043,0
56,5,13.117761203395865,4.166753313771927,0
57,5,12.99832518577906,4.194193761664779,0
58,5,12.864207207300673,4.21019124406492,0
59,5,12.713535908374837,4.2225699996635155,0
60,5,12.579655905893862,4.235933819744435,0
61,5,12.448060858151333,4.250983444854354,0
62,5,12.31777529206676,4.267664149360387,0
63,5,12.182979694500906,4.308858049949248,0
64,5,12.032179376440032,4.351255422886548,0
65,5,11.891123602037926,4.397883091378385,0
66,5,11.766093368893532,4.427858427607583,0
67,5,11.637323972282742,4.462005053882629,0
68,5,11.506198957548339,4.4931011755366335,0
69,5,11.355116554839872,4.527195977344975,0
70,5,11.211795390224138,4.551862585830131,0
71,5,11.077897362071184,4.578084850370116,0
72,5,10.947921812589998,4.600801782820723,0
73,5,10.823386473269043,4.629342476385451,0
74,5,10.6966329352488,4.669908235476047,0
75,5,10.557644721772316,4.727738351765863,0
76,5,10.413422728629046,4.771358246029142,0
77,5,10.278178833794247,4.806149210526679,0
78,5,10.146382609041973,4.83459184852167,0
79,5,10.012524471153593,4.873252107061846,0
80,5,9.858889208570751,4.911332312454639,0
81,5,9.707762448111193,4.930776159865838,0
82,5,9.562535181165353,4.962311306005815,0
83,5,9.420555051431492,4.98806349373233,0
84,5,9.291242126603638,5.03960553305718,0
85,5,9.150942128052758,5.080914869529407,0
86,5,9.004753709305778,5.137597496277729,0
87,5,8.878136217168178,5.168705225242463,0
88,5,8.758631332268623,5.20078081360281,0
89,5,8.655465526007298,5.231936100751643,0
90,5,8.533636849659537,5.266035908573339,0
91,5,8.411262077940068,5.293802827974115,0
92,5,8.276054301414746,5.319816869136885,0
93,5,8.152667977192483,5.3473533779065185,0
94,5,8.019531116095157,5.377286269263811,0
95,5,7.882290404515567,5.404947198298118,0
96,5,7.752210098092569,5.445049002778424,0
97,5,7.612440539575996,5.493703981977218,0
98,5,7.475281544606848,5.54015008026254,0
99,5,7.347335327650385,5.570082728095265,0
100,5,7.220560021812424,5.5945783218697756,0
101,5,7.097147095195153,5.623151903900027,0
102,5,6.966615412764188,5.648783000881666,0
103,5,6.819593073710447,5.664028693919769,0
104,5,6.68795376311299,5.678764535020437,0
105,5,6.55708000363355,5.69956740346811,0
106,5,6.42387533745068,5.726406206544794,0
107,5,6.291764452204321,5.773650989453699,0
108,5,6.143087783403123,5.8261148226152955,0
0,6,16.76301266266951,7.5151992230619635,0
1,6,16.80460647016559,7.706908745657572,0
2,6,16.851489236523356,7.88433903142805,0
3,6,16.90121004317924,8.053500668508176,0
4,6,16.953888521191406,8.221424191672769,0
5,6,17.01282366650764,8.391206628403607,0
6,6,17.07804860125613,8.573617639173728,0
7,6,17.143396590972735,8.739793173120772,0
8,6,17.17547199454089,8.896783406580894,0
9,6,17.214546275001275,9.068456002571605,0
10,6,17.255208353329614,9.239303059138207,0
11,6,17.338281423080137,9.395810623005932,0
12,6,17.511216084937075,9.50482174653743,0
13,6,17.616105298781967,9.596406650548024,0
14,6,17.75494949527908,9.75566710959141,0
15,6,17.87820748879971,9.884033692948181,0
16,6,18.000805807149643,9.991541567541047,0
17,6,18.1306504275116,10.075107121873593,0
18,6,18.26547222519004,10.168840732778293,0
19,6,18.40535813608189,10.243703264046673,0
20,6,18.536615813645,10.305347058424736,0
21,6,18.655772699364455,10.36325271194288,0
22,6,18.776384324090806,10.409846298732917,0
23,6,18.914736688681117,10.455593439069471,0
24,6,19.07784901972016,10.510854108906498,0
25,6,19.2353259492258,10.557202124787095,0
26,6,19.398369562907682,10.592025486638695,0
27,6,19.575289792890878,10.63856132260258,0
28,6,19.740520027781624,10.686904363614907,0
29,6,19.909434324443428,10.746199589101007,0
30,6,20.051798511739364,10.785811819174679,0
31,6,20.18655543193233,10.829229142906785,0
32,6,20.32131357430292,10.875357904364868,0
33,6,20.475556266864608,10.913525166685409,0
34,6,20.645398943780155,10.947453982434645,0
35,6,20.820312476335385,10.98165045664019,0
36,6,20.990557787773596,11.027612575656665,0
37,6,21.15950018754849,11.076960546992927,0
38,6,21.320895622733794,11.131625732701506,0
39,6,21.47428331004659,11.187706209507631,0
40,6,21.625401872256024,11.238101351759068,0
41,6,21.768345101042293,11.288667812550695,0
42,6,21.915423883661123,11.344847167437695,0
43,6,22.069795539768585,11.390784450794401,0
44,6,22.23247493228414,11.438082222754051,0
45,6,22.393051012782074,11.486372650620122,0
46,6,22.547965831002912,11.543715525449285,0
47,6,22.69504530824101,11.608854211136116,0
48,6,22.844494499119996,11.68066106385426,0
49,6,22.993696141475088,11.759074915190364,0
50,6,23.13197605979443,11.841199273383126,0
51,6,23.27094244926808,11.921433911260552,0
52,6,23.414142601598893,12.012915727861394,0
0,7,18.333557986033835,17.655576520281326,0
1,7,18.29634455611409,17.73512951740352,0
2,7,18.248303619548892,17.82440242119152,0
3,7,18.187455193656014,17.93108620030673,0
4,7,18.135443519509963,18.03636469650987,0
5,7,18.08501185891044,18.143752972815033,0
6,7,18.037317312824186,18.250250043616525,0
7,7,17.980733261071634,18.348197792367078,0
8,7,17.916162939471068,18.45304845768356,0
9,7,17.85416585371525,18.575131282591382,0
10,7,17.820815285260274,18.690303143678147,0
11,7,17.807486629888338,18.804332237712345,0
12,7,17.794909637643958,18.922501541098097,0
13,7,17.809261409093228,19.04176175026362,0
14,7,17.815701703247903,19.171406541670148,0
15,7,17.819220577218253,19.29439023968253,0
16,7,17.817484399828384,19.42117986898772,0
17,7,17.790568529961266,19.53212022688502,0
18,7,17.756526025953104,19.6338816116076,0
19,7,17.713448599237292,19.73924012490103,0
20,7,17.649290068786858,19.842219975787536,0
21,7,17.595915789195708,19.952227927269004,0
22,7,17.543173925211164,20.051443559261518,0
23,7,17.5012981741876,20.15417597524392,0
24,7,17.478340695020613,20.266704938143377,0
25,7,17.46809568620221,20.38812655423333,0
26,7,17.45688974817698,20.51921961084426,0
27,7,17.43974823379804,20.63103802505924,0
28,7,17.41045321600328,20.733903569006184,0
29,7,17.372672563222093,20.827471081707788,0
30,7,17.32990180170859,20.927132389489703,0
31,7,17.28921507730159,21.039108996195942,0
32,7,17.248654353663962,21.144130119369233,0
33,7,17.219067663955784,21.253946149040708,0
34,7,17.19406715727624,21.362593988740578,0
35,7,17.16712125504142,21.477723674455206,0
36,7,17.133256607414378,21.603318493684363,0
37,7,17.104235351563755,21.729512877004506,0
38,7,17.084043730616127,21.86400192833383,0
39,7,17.066394758382764,21.993395664887238,0
40,7,17.03286268722403,22.105786285369437,0
41,7,16.99557086966465,22.216440665186834,0
42,7,16.957204917637036,22.328930761333588,0
0,8,19.15519620469037,17.941194601170942,0
1,8,19.142920696129924,18.03752175982734,0
2,8,19.123370303245572,18.14944476701467,0
3,8,19.10230083682812,18.261109085418607,0
4,8,19.071979044011535,18.390822511074756,0
5,8,19.028670809131594,18.494801248999366,0
6,8,18.993179466741996,18.59852590581058,0
7,8,18.949644150902344,18.684729414657863,0
8,8,18.893237814790243,18.781854713690564,0
9,8,18.82523021757611,18.88563520601134,0
10,8,18.76438092428776,18.995640295465012,0
11,8,18.707229208430803,19.0976444321648,0
12,8,18.664253593894248,19.20346383795609,0
13,8,18.617179175497636,19.30476734731576,0
14,8,18.58392462591541,19.416141461436386,0
15,8,18.55073430894536,19.54178685819244,0
16,8,18.50822311855005,19.657964817240167,0
17,8,18.470118908417177,19.76894223946012,0
18,8,18.409296274784282,19.873869176862993,0
19,8,18.35625066776555,19.976875100753155,0
20,8,18.303462734202235,20.0864153299536,0
21,8,18.24247942214743,20.204895149599484,0
22,8,18.19816297068186,20.325792214416662,0
23,8,18.166517610353708,20.452663209990394,0
24,8,18.13753862927927,20.582017599939963,0
25,8,18.11910309180405,20.72477735417803,0
26,8,18.099321462890593,20.85982399366686,0
27,8,18.07330195960427,20.975658888584242,0
28,8,18.035202047716144,21.086387883003027,0
29,8,17.98761962259618,21.206280726544023,0
30,8,17.946942357035134,21.328893257330098,0
31,8,17.906564118871998,21.45019629812019,0
32,8,17.872295452084106,21.561598636713214,0
33,8,17.850976368762737,21.67098904103256,0
34,8,17.841225178123352,21.769900298526842,0
35,8,17.82870619901563,21.874821619205814,0
36,8,17.8327677773856,21.986303748609703,0
37,8,17.827689228389698,22.101053620164834,0
38,8,17.8023343685416,22.215261107396024,0
39,8,17.771154465054472,22.32047033261272,0
0,9,18.691140099161032,19.226717857418386,0
1,9,18.64035504696666,19.321931990554575,0
2,9,18.58540963409581,19.417195805865212,0
3,9,18.526150492192333,19.50256553474473,0
4,9,18.481332041641043,19.588428128001567,0
5,9,18.43637277888888,19.686937003742013,0
6,9,18.405945965787737,19.812939032576356,0
7,9,18.372807558253236,19.941390253093587,0
8,9,18.34116449408363,20.05463544252191,0
9,9,18.303471909537645,20.166962120211558,0
10,9,18.269314625847443,20.265976869158894,0
11,9,18.228299350175064,20.38104963267037,0
12,9,18.175512711826343,20.502993913259026,0
13,9,18.13678336934388,20.622371982598494,0
14,9,18.09347811133761,20.746136322682755,0
15,9,18.06329551163732,20.872047276568928,0
16,9,18.04071737407113,20.987531237145785,0
17,9,18.02932195506216,21.115269163919745,0
18,9,18.013297985475678,21.242723569335876,0
19,9,18.003722351155982,21.37138837575636,0
20,9,18.00429024310714,21.49983711333888,0
21,9,17.986638794884552,21.607925073862468,0
22,9,17.971089147112277,21.732246423543405,0
23,9,17.93546589632244,21.84097340697451,0
24,9,17.903337361135634,21.96997303749066,0
25,9,17.874524178986377,22.101743747981132,0
26,9,17.863931223039963,22.22424851993191,0
27,9,17.85393875716979,22.34885422954973,0
0,10,16.76330576633471,21.90434514357632,0
1,10,16.89947311562236,21.929350799294834,0
2,10,17.040571781303118,21.937900422864228,0
3,10,17.172018375527223,21.935985989746865,0
4,10,17.31477313015766,21.945067727665265,0
5,10,17.45262250280537,21.952502509457968,0
6,10,17.58849706417212,21.959685950850858,0
7,10,17.726111030817165,21.9553282014803,0
8,10,17.862975360939124,21.949517416879853,0
9,10,18.01451188771546,21.93598650063859,0
10,10,18.152902455303504,21.93210466691262,0
11,10,18.30184642960747,21.931570801110635,0
12,10,18.437534229066163,21.928390592358113,0
13,10,18.576062363394232,21.933436824662454,0
14,10,18.73019394609265,21.940323460111042,0
15,10,18.87158043327425,21.955356088917753,0
16,10,19.01384370005505,21.960885165209323,0
17,10,19.163788335432322,21.96349501474146,0
18,10,19.298311969847486,21.962601270859338,0
19,10,19.438371294942442,21.962611624220283,0
20,10,19.575073005757474,21.95947267182977,0
21,10,19.716739382988663,21.959234093153775,0
22,10,19.844661307665504,21.968375686783784,0
23,10,19.97850690648974,21.97756306201737,0
24,10,20.11736708161606,21.993973807104414,0
25,10,20.257144032148332,22.009435978666424,0
26,10,20.39317596334171,22.00318949696554,0
27,10,20.52474840214026,22.008542514731044,0
28,10,20.667573102626605,22.00892614372894,0
29,10,20.804061157001847,22.018929530723895,0
30,10,20.927777104911126,22.022347518908436,0
31,10,21.05501414822008,22.039094065498332,0
32,10,21.189193753149837,22.065340627915614,0
33,10,21.3132074634883,22.08905705043682,0
34,10,21.452238272994926,22.116277420087712,0
35,10,21.582033048597374,22.133999030024523,0
36,10,21.721058379102182,22.14702265849282,0
37,10,21.862659108493315,22.16726703025264,0
38,10,21.993066221327247,22.18384248956687,0
39,10,22.12763699917113,22.205382776919237,0
40,10,22.263871984273354,22.220274535643902,0
41,10,22.394956107411446,22.251429667234568,0
42,10,22.544325234183262,22.318868186777244,0
43,10,22.687074870660002,22.359916253206688,0
46,11,13.622390015884598,21.778342796663622,0
47,11,13.63036575770515,21.62259717140315,0
48,11,13.625721285153826,21.45953281491017,0
49,11,13.622205822662728,21.30369247473752,0
50,11,13.612607842610739,21.143885639465505,0
51,11,13.598658742193088,20.9608098270725,0
52,11,13.61581606225267,20.78212984955173,0
53,11,13.621538268529758,20.62770355853919,0
54,11,13.637215408307442,20.45483497455449,0
55,11,13.655775575225325,20.286450910292714,0
56,11,13.677935300138145,20.115823811869983,0
57,11,13.681543831689202,19.952728638730477,0
58,11,13.672869418655093,19.78820905666097,0
59,11,13.665135046387535,19.614688601933754,0
60,11,13.670262711393967,19.44398714854406,0
61,11,13.672357514677442,19.26451594051381,0
62,11,13.679972255690165,19.090949456469684,0
63,11,13.690226489290563,18.910084790727584,0
64,11,13.709916849237995,18.74156213260576,0
65,11,13.714801166878582,18.569913128377664,0
66,11,13.736962246309162,18.397585339484056,0
67,11,13.739480900113623,18.233228988823058,0
68,11,13.738704825345001,18.06395440258526,0
69,11,13.73446544778231,17.901585979267725,0
70,11,13.725295863529526,17.73441586321872,0
71,11,13.71452082301732,17.56424433936684,0
72,11,13.713502272481112,17.388701675083716,0
73,11,13.714947277897101,17.21790711362538,0
74,11,13.713026249826525,17.05667264887996,0
75,11,13.719708104090994,16.879392417114953,0
76,11,13.72423721373829,16.703623497932593,0
77,11,13.719984213856552,16.54242850247981,0
78,11,13.704220156543368,16.385430937213492,0
79,11,13.693746846395559,16.228755526769127,0
80,11,13.677357630413631,16.0655470982987,0
81,11,13.659845836001491,15.886235580048067,0
82,11,13.64418950792708,15.713758782906213,0
83,11,13.639067318018098,15.541305628546274,0
84,11,13.628271212084266,15.385632693636742,0
85,11,13.626807429989247,15.21586448160442,0
86,11,13.628156871460584,15.04646448790929,0
87,11,13.610706223977743,14.883178409006481,0
88,11,13.601651494401636,14.72264801479591,0
89,11,13.581408553461985,14.559757907305753,0
90,11,13.56984291746816,14.392329386403011,0
91,11,13.567096881647773,14.214592065454003,0
92,11,13.573074651342077,14.040622296437194,0
93,11,13.581746284744245,13.88621197295733,0
94,11,13.593770749086595,13.720126781917118,0
95,11,13.610021558510068,13.553884848871188,0
96,11,13.630510542093422,13.392623117981833,0
97,11,13.642497039161128,13.233745059979553,0
98,11,13.646289473587121,13.073838247911835,0
99,11,13.64778354591047,12.91722080910057,0
100,11,13.663037372905224,12.761388101008652,0
101,11,13.672336864268816,12.59854892108965,0
102,11,13.683583553750998,12.436638231102243,0
103,11,13.703194322148672,12.281907163818248,0
104,11,13.725441244489252,12.11893949674009,0
105,11,13.749148565420805,11.963608288630763,0
106,11,13.776335058996219,11.805721237656622,0
107,11,13.799870342711833,11.63709468009373,0
108,11,13.799149116446145,11.481669623292818,0
101,12,21.569912580751634,11.650541546568485,0
102,12,21.411933544673264,11.640060437238114,0
103,12,21.245036670151688,11.63334690147751,0
104,12,21.071760652839043,11.621253037587095,0
105,12,20.89523148457492,11.605716361494963,0
106,12,20.725759282193522,11.59899815638373,0
107,12,20.55033563787236,11.579305558483536,0
108,12,20.368128171705244,11.549123559504,0
0,13,12.523415786964982,3.623440329923437,1
1,13,12.503653460781786,3.980958696260951,1
2,13,12.481279288907349,4.308223529201272,1
3,13,12.456745756309347,4.639499371201734,1
4,13,12.416189948967894,4.968930915078653,1
5,13,12.378505380654863,5.283951176630168,1
6,13,12.34739528796846,5.599999606793702,1
7,13,12.312506871082787,5.908794781597983,1
8,13,12.28225302087704,6.211157679226618,1
9,13,12.248094844784584,6.518757021561744,1
10,13,12.212495796114862,6.827278449312349,1
11,13,12.180319782346526,7.129770058975561,1
12,13,12.14680741251398,7.4384852756598745,1
13,13,12.113169523095323,7.732567865542516,1
14,13,12.079227079265443,8.032140015685897,1
15,13,12.031404890919402,8.336843426174902,1
16,13,11.98424308034519,8.636433098485142,1
17,13,11.929554765499853,8.932169441702072,1
18,13,11.868663819840691,9.221913251457115,1
19,13,11.795852698913857,9.512967772176738,1
20,13,11.713667376497975,9.805661153994194,1
21,13,11.624828573985045,10.0838527937682,1
22,13,11.524834152724708,10.362454547395112,1
23,13,11.431811193854507,10.636567665349808,1
24,13,11.32207630974217,10.907437857548276,1
25,13,11.210752014218434,11.187203251219907,1
26,13,11.101971951493667,11.456666310227426,1
27,13,10.963272627906312,11.72130250079102,1
28,13,10.843683099772058,11.967884601553282,1
29,13,10.69994050859915,12.232576158535283,1
30,13,10.547755517655347,12.477390883767766,1
31,13,10.388875598942256,12.728375243245933,1
32,13,10.243725837248167,12.961128266870414,1
33,13,10.063111876949892,13.19384181902021,1
34,13,9.897470441234539,13.421712472479685,1
35,13,9.740127325517722,13.647564165907008,1
36,13,9.565064649195046,13.873201036928519,1
37,13,9.404616287113415,14.095748061310763,1
38,13,9.208846733314024,14.30219691289215,1
39,13,9.013126903182377,14.496221123201394,1
40,13,8.820057905934283,14.696260652672853,1
41,13,8.596065305810024,14.875489860910507,1
42,13,8.369089524140719,15.047820719153973,1
43,13,8.152290927573942,15.230221202596505,1
44,13,7.939034228889894,15.409313807430904,1
45,13,7.709722386277696,15.568988158233907,1
46,13,7.497324274407441,15.711359627440574,1
47,13,7.302873750944406,15.83535138991967,1
48,13,7.059578944632315,15.972776722939141,1
49,13,6.755553283437967,16.146012202717888,1
50,13,6.494696897091478,16.293061493451876,1
51,13,6.2174362712399684,16.421803205169876,1
52,13,5.941416533402739,16.54767452880136,1
53,13,5.6416409085277115,16.682428804032682,1
54,13,5.334739283828449,16.800647373949317,1
55,13,5.0217418436504735,16.926306838115593,1
56,13,4.699902946226924,17.041731536306006,1
57,13,4.366184887141604,17.14465701906576,1
58,13,4.035756327161449,17.239081545411,1
28,14,12.711314843933582,4.122119331933081,1
29,14,12.70322927660299,4.44453031272514,1
30,14,12.699823502299214,4.753882955600875,1
31,14,12.68921921753783,5.055793675183639,1
32,14,12.669941494279826,5.357593720495211,1
33,14,12.659993330565607,5.661284423270808,1
34,14,12.657898906320693,5.9510738997130685,1
35,14,12.652348801291351,6.235428247797531,1
36,14,12.636480822115702,6.5114611628588746,1
37,14,12.622122380912298,6.781897934514345,1
38,14,12.619921189225815,7.050414229946003,1
39,14,12.609788725403144,7.3209233215995955,1
40,14,12.598560130932544,7.587877800578835,1
41,14,12.582183183994385,7.851565807369367,1
42,14,12.569917342049346,8.110748598645243,1
43,14,12.548405741310656,8.364231828453892,1
44,14,12.526125616389285,8.620034299011078,1
45,14,12.492601781363613,8.88489519422178,1
46,14,12.452967406238567,9.140293872996052,1
47,14,12.417151083848692,9.394959763530029,1
48,14,12.35903440272445,9.640348290144082,1
49,14,12.300515811677615,9.890098096588403,1
50,14,12.239580504656287,10.120412588002663,1
51,14,12.174739939436021,10.367810752762423,1
52,14,12.098114073734667,10.604672577071764,1
53,14,12.00510745522624,10.833518205490455,1
54,14,11.910443703589936,11.059348310949074,1
55,14,11.821172521318692,11.282450644441932,1
56,14,11.713675113993355,11.500247506532343,1
57,14,11.615962222517503,11.723413132087204,1
58,14,11.49975032093088,11.936422862322464,1
59,14,11.380099224391376,12.134043511651461,1
60,14,11.254353929368472,12.345513090030972,1
61,14,11.121007556672955,12.535119761971284,1
62,14,11.000897860617851,12.729613054158023,1
63,14,10.855551734480429,12.90863648527192,1
64,14,10.708360434116186,13.091106865501366,1
65,14,10.570302052213405,13.260015663067835,1
66,14,10.406213955939899,13.430266087170464,1
67,14,10.241306512457356,13.597417048487488,1
68,14,10.061233505698407,13.76329268717563,1
69,14,9.90051163482846,13.910654999553719,1
70,14,9.708177022485957,14.05180757035456,1
71,14,9.502050673232242,14.22927504010388,1
72,14,9.296422410160966,14.420920654410105,1
73,14,9.089773733406599,14.561458673805515,1
74,14,8.892826247924841,14.664512535042151,1
75,14,8.630502224105825,14.807221844542122,1
76,14,8.355020154615245,14.921095741683096,1
77,14,8.08828835891411,15.02971157479258,1
78,14,7.816847176938984,15.19467647065644,1
79,14,7.518148315555981,15.306337100608797,1
80,14,7.209336280032266,15.399320615024052,1
81,14,6.880155606933097,15.48095915496004,1
82,14,6.530302610208539,15.554648054855035,1
83,14,6.180206003838215,15.616251915538118,1
84,14,5.816535678465145,15.671186838236876,1
85,14,5.435744690945275,15.724699025419767,1
86,14,5.054023449142479,15.764556562515663,1
87,14,4.650193897953704,15.799529189199664,1
88,14,4.235299996960833,15.806865608457768,1
