frame_id,agent_id,x,y,type_id
0,0,12.306812827805462,2.240525910261974,0
1,0,12.304115415195064,2.3817731871001717,0
2,0,12.297354016993046,2.5218626615757422,0
3,0,12.283976513953835,2.6656931541648596,0
4,0,12.259264826564428,2.820042980207552,0
5,0,12.230023633626324,2.9735681657820243,0
6,0,12.212571873656335,3.109574789703891,0
7,0,12.189697938149381,3.245355044801446,0
8,0,12.18165553592709,3.3967480209978853,0
9,0,12.174649707816743,3.5488207151945246,0
10,0,12.147482530146032,3.7000791340072303,0
11,0,12.122520818553827,3.8448763485523387,0
12,0,12.096310098008818,3.9888501810341865,0
13,0,12.060666159181318,4.133923648468785,0
14,0,12.001367452665265,4.271340975568492,0
15,0,11.951024424555616,4.406900981979629,0
16,0,11.902150415631287,4.527435467723161,0
17,0,11.858194314658201,4.657883069739054,0
18,0,11.817572881353112,4.794625579287359,0
19,0,11.790206222900068,4.93436420371052,0
20,0,11.749815533655307,5.066860534794631,0
21,0,11.719412499470014,5.192963977941685,0
22,0,11.684757442929595,5.321986756656252,0
23,0,11.64772927137344,5.447433355981327,0
24,0,11.602934164388337,5.563304751448037,0
25,0,11.55237022029584,5.705765917430343,0
26,0,11.514691074011994,5.826782876684499,0
27,0,11.491201003136092,5.9462250482519226,0
28,0,11.476890714382298,6.083726099841801,0
29,0,11.469145964844655,6.221169811171514,0
30,0,11.45078927246383,6.362776438044897,0
31,0,11.44235197902548,6.496156745786249,0
32,0,11.425059187008824,6.632918813244776,0
33,0,11.393940091968673,6.770724623361029,0
34,0,11.354703584474393,6.898237052099495,0
35,0,11.325383645442738,7.013303309627033,0
36,0,11.296518479446906,7.134279571925207,0
37,0,11.2759977011457,7.27568020959473,0
38,0,11.278544229172924,7.426332011593303,0
39,0,11.280326517819363,7.600204999656948,0
40,0,11.2785648781217,7.774215552566313,0
41,0,11.262166417311795,7.949622258604961,0
42,0,11.250097101283858,8.12204483847305,0
43,0,11.220451481774889,8.292579413659325,0
44,0,11.166078866066503,8.457018359614228,0
45,0,11.129008297928195,8.608429260314677,0
46,0,11.089616241133168,8.76617115260508,0
47,0,11.06559587182951,8.918676199630019,0
48,0,11.044354719835894,9.0897075703705,0
49,0,11.01771660517996,9.242242917264225,0
50,0,10.984295889357055,9.39722063487655,0
51,0,10.940253635206819,9.538242164235426,0
52,0,10.898722736431818,9.69013787955798,0
53,0,10.850962606543082,9.837347472184941,0
54,0,10.795938815831171,9.98646833681606,0
55,0,10.74761070517344,10.127766286479192,0
56,0,10.724834696845496,10.268413702428322,0
57,0,10.700679435515246,10.434392113858456,0
58,0,10.687834366537789,10.597272340022919,0
59,0,10.66840215222864,10.754791536622907,0
60,0,10.644114019907244,10.912687386464523,0
61,0,10.612396585202138,11.06148200328497,0
62,0,10.582768264370428,11.211340058006357,0
63,0,10.545777856068092,11.375937583885813,0
64,0,10.499136846592663,11.534931917755845,0
65,0,10.460232069010903,11.678713635968618,0
66,0,10.430193366627629,11.827078093707872,0
67,0,10.428149140217508,11.987267088487092,0
68,0,10.430070346604525,12.151598889293867,0
69,0,10.417767055853954,12.314253956895573,0
0,1,9.022163426434082,5.951376248604468,0
1,1,9.121290648542141,5.884643330608002,0
2,1,9.238694611239566,5.784139266827589,0
3,1,9.36776954200373,5.676241218085341,0
4,1,9.488362459910112,5.5618530436637075,0
5,1,9.591033634518256,5.429296080132041,0
6,1,9.676646788154232,5.295682893165452,0
7,1,9.788650672913715,5.164977996694822,0
8,1,9.90076406390974,5.036534366882196,0
9,1,10.022669079466782,4.908555483926964,0
10,1,10.133943988858817,4.785496616472846,0
11,1,10.246284997871209,4.668698034406019,0
12,1,10.342320403369678,4.541106886511332,0
13,1,10.409180266045462,4.408787072054524,0
14,1,10.47240814683913,4.250288165773078,0
15,1,10.56261136265054,4.082636098495259,0
16,1,10.650332059846077,3.931860409069996,0
17,1,10.738174494375606,3.794825792126472,0
18,1,10.816908537795918,3.6472770824350365,0
19,1,10.908635946828133,3.4997619677903824,0
20,1,11.009070203809829,3.3597376794246716,0
21,1,11.092481370523673,3.2220858807222723,0
22,1,11.174207487565154,3.0634003365538263,0
23,1,11.237688254952428,2.9218476576353454,0
24,1,11.323036283103358,2.763288720050837,0
25,1,11.392222907616175,2.617698634555129,0
26,1,11.456777061449793,2.4584414094569484,0
27,1,11.52430631635465,2.31380741914401,0
28,1,11.602595451344545,2.1671131486438093,0
0,2,10.77083020689162,6.675591416843967,0
1,2,10.720683102605118,6.810353922048914,0
2,2,10.681501858968346,6.935269256716959,0
3,2,10.624559462529861,7.075544508384685,0
4,2,10.577344640248972,7.202347020435168,0
5,2,10.556224720002096,7.327170887884826,0
6,2,10.559484539800186,7.457806855001896,0
7,2,10.545814899233061,7.578618706219288,0
8,2,10.546457970979882,7.712403652191214,0
9,2,10.552650959978239,7.864999669916298,0
10,2,10.549486448856474,8.047856911876693,0
11,2,10.535809781654505,8.234825507106242,0
12,2,10.528625115956755,8.405112293122183,0
13,2,10.50805956536392,8.572303060883364,0
14,2,10.481863292730068,8.733983601872064,0
15,2,10.452975893655811,8.891438751900942,0
16,2,10.418533803801816,9.030029686614615,0
17,2,10.360945635988354,9.145187642805416,0
18,2,10.300740374814717,9.264360653696771,0
19,2,10.242739657353948,9.37077532212961,0
20,2,10.184432222974227,9.490720019468501,0
21,2,10.116657800827673,9.59644365336918,0
22,2,10.046209797311821,9.700440649099084,0
23,2,9.98236169305302,9.798686960958118,0
24,2,9.926894639999809,9.900814467524585,0
25,2,9.892174635012557,9.998575252777355,0
26,2,9.84234111581884,10.112495583149688,0
27,2,9.788115010668282,10.218010734763949,0
28,2,9.73597898188699,10.332776198885618,0
29,2,9.678475291791864,10.435973566744849,0
30,2,9.622275651060836,10.54146342137711,0
31,2,9.556484390710478,10.639220767284938,0
32,2,9.484103793687181,10.73958186614774,0
33,2,9.408316261152436,10.826525545836208,0
34,2,9.352728722391227,10.911868124529525,0
35,2,9.30922914161968,10.992851778541048,0
36,2,9.272849934277097,11.07858770423383,0
37,2,9.245144298981591,11.185250148889894,0
38,2,9.222199194955909,11.28844723512923,0
39,2,9.211138655179116,11.387225801032649,0
40,2,9.179111640640574,11.497180040380899,0
41,2,9.136166478143965,11.598470754488938,0
42,2,9.081437737612701,11.706393417648755,0
43,2,9.023459134548421,11.823976524757777,0
44,2,8.97870551657111,11.925648495451629,0
45,2,8.946751565422591,12.030734574115211,0
46,2,8.908738313670083,12.129753898297935,0
47,2,8.896923081461118,12.229352450856766,0
48,2,8.886284332211146,12.348956479786747,0
49,2,8.878498823288647,12.467415696999664,0
50,2,8.858831906237146,12.59437554785341,0
51,2,8.831929407017194,12.72134898125898,0
52,2,8.797457957057425,12.842086327303642,0
53,2,8.775304802233983,12.979268881761191,0
54,2,8.740329302183937,13.12764861239533,0
55,2,8.705258144781894,13.270515084196271,0
56,2,8.686132552667653,13.40471633530137,0
57,2,8.665445303175506,13.528382984398876,0
58,2,8.653385073509597,13.658238608065126,0
59,2,8.647063237759655,13.807590558821575,0
60,2,8.639058883863202,13.958331969331992,0
61,2,8.632155228254728,14.107387377667838,0
62,2,8.609196650293017,14.256309617559625,0
63,2,8.597833585299504,14.401671374304494,0
64,2,8.571929082792716,14.543712399370522,0
65,2,8.546693712083174,14.700824432299372,0
66,2,8.528279528926554,14.846738520952162,0
67,2,8.521320942412988,14.993089300445067,0
68,2,8.531961359040185,15.135712612361738,0
69,2,8.539283719918703,15.281651023218094,0
0,3,10.855227753095187,16.102385330815075,0
1,3,10.820946740538492,16.264903451123427,0
2,3,10.792369875136618,16.405433548215306,0
3,3,10.783116201648598,16.556016540043625,0
4,3,10.768826095841805,16.726316722063714,0
5,3,10.74512622517653,16.884142939160874,0
6,3,10.738089325624996,17.054524581192307,0
7,3,10.718377995205639,17.205440108000854,0
8,3,10.698081908815603,17.354016694143287,0
9,3,10.676918895075096,17.516372953801856,0
10,3,10.64841455498778,17.670603836940852,0
11,3,10.622775916859696,17.82812489138719,0
12,3,10.602675427410883,17.997786179338,0
13,3,10.612122259067633,18.16598912414775,0
14,3,10.597534444520228,18.33782715363692,0
15,3,10.57349257484411,18.493426709076502,0
16,3,10.544439203535287,18.647194576778052,0
17,3,10.526099409196378,18.80358531316068,0
18,3,10.51324263790439,18.964946731147037,0
19,3,10.488824379925179,19.13402893752772,0
20,3,10.450280139771015,19.314967802353017,0
21,3,10.42266795047703,19.477443795935528,0
22,3,10.407782419870916,19.62349286635398,0
23,3,10.398481907524571,19.785418577782874,0
24,3,10.400224317063119,19.94588460215081,0
25,3,10.389044131778792,20.10790402385173,0
26,3,10.37909195746112,20.26784701394835,0
27,3,10.360067982075162,20.42342306263844,0
21,4,13.607863128808132,2.5515668173909822,0
22,4,13.611781122698474,2.703404043340896,0
23,4,13.602644586486186,2.843604661776772,0
24,4,13.573828071814722,2.9700890362497367,0
25,4,13.540435648678828,3.1241237781818416,0
26,4,13.520011217245651,3.2656278974875694,0
27,4,13.498041716232919,3.4086839775903006,0
28,4,13.500470025205546,3.5480009715733547,0
29,4,13.516315023396528,3.693438294356016,0
30,4,13.52862476062866,3.8251362228419263,0
31,4,13.532249872718292,3.9724097437682517,0
32,4,13.51898335402884,4.147511653509156,0
33,4,13.501225894704897,4.289266634819233,0
34,4,13.47658923106363,4.402773427288232,0
35,4,13.468607889166492,4.534042434329127,0
36,4,13.46475626320861,4.6792901229528425,0
37,4,13.46010843542877,4.836887516373881,0
38,4,13.433535724769502,4.974003440393452,0
39,4,13.408596692354932,5.098440420883892,0
40,4,13.40769171326547,5.226019174416948,0
41,4,13.409548911015651,5.360163153425937,0
42,4,13.414375446735946,5.511642364371451,0
43,4,13.422814477872606,5.670943259087362,0
44,4,13.416029195121268,5.796658645960788,0
45,4,13.422338720643955,5.920870943537175,0
46,4,13.428919327737006,6.072881953352056,0
47,4,13.432398765633215,6.225579805022279,0
48,4,13.44741389071823,6.403395021610998,0
49,4,13.451545598694931,6.566208572266617,0
50,4,13.446124693518858,6.709932787856262,0
51,4,13.44778748229388,6.861761731457511,0
52,4,13.441406144561517,7.019015334319067,0
53,4,13.455776736068119,7.16818167366567,0
54,4,13.468476351470573,7.330574412156939,0
55,4,13.482321349752421,7.482885102148766,0
56,4,13.499780586860844,7.643257983535894,0
57,4,13.519292926519736,7.808555649373312,0
58,4,13.52240291244069,7.971177930850171,0
59,4,13.523455525646343,8.128539536137648,0
60,4,13.531401094864805,8.29115525120205,0
61,4,13.549958711786104,8.456529632615485,0
62,4,13.58277207116214,8.623958594777179,0
63,4,13.621192972940287,8.776292395207827,0
64,4,13.63442279879816,8.91412025326225,0
65,4,13.643159539931123,9.066190080147267,0
66,4,13.63770184085774,9.24000184865616,0
67,4,13.634850070552735,9.412586624957651,0
68,4,13.623302685311767,9.567416623676083,0
69,4,13.625215429292954,9.725340253512792,0
0,5,21.167025323142685,3.5935660332320305,1
1,5,21.025170844010443,4.162860427456011,1
2,5,20.821596882222156,4.695455612818019,1
3,5,20.61472617923515,5.22907983066191,1
4,5,20.387928552293467,5.770087667305311,1
5,5,20.145443550793008,6.288807359406834,1
6,5,19.886041371741,6.819133642323128,1
7,5,19.611198346140174,7.328679247900119,1
8,5,19.322292882901504,7.848911906476489,1
9,5,18.991470505340036,8.344572507599935,1
10,5,18.679045631494258,8.850174512176242,1
11,5,18.325623133065346,9.351754155526166,1
12,5,17.960021965215734,9.841195365309181,1
13,5,17.572701511396517,10.302651669535141,1
14,5,17.166159483780525,10.757090769638173,1
15,5,16.72478009548469,11.203988373941208,1
16,5,16.272693281504854,11.642717436076278,1
17,5,15.799229221679637,12.039645943026459,1
18,5,15.266762129429168,12.372598459248412,1
19,5,14.812619641376392,12.807868484321425,1
20,5,14.30241655872877,13.190021819406187,1
21,5,13.743366842070136,13.488012867704185,1
22,5,13.183557237884841,13.803141108749955,1
23,5,12.621887338532803,14.110983723475968,1
24,5,12.05575044225689,14.397231081511801,1
25,5,11.473894806707722,14.67971531592759,1
26,5,10.85069868237866,14.871448992775367,1
27,5,10.232701154427378,15.067847869789349,1
28,5,9.626012279118624,15.280276735616013,1
29,5,8.996697873950474,15.446427437873604,1
30,5,8.359556310220672,15.60888621166785,1
31,5,7.733571245540476,15.741280288700992,1
32,5,7.08225287090886,15.849925304629942,1
33,5,6.436276516733128,15.943927205746997,1
34,5,5.791903116533991,15.996968782363869,1
35,5,5.104959866822028,16.03774470697454,1
36,5,4.45129970771422,16.04223507921161,1
